0 FILE main.ldr
0 Name: pullback
0 Author: Jaap Joris Vens
0 !LICENSE Creative Commons BY-SA
0 !LPUB BOM MODEL_SCALE GLOBAL  0.7500
0 !LPUB BOM BORDER GLOBAL SQUARE 0 Black 0.031 MARGINS 0.050 0.050
0 !LPUB BOM BACKGROUND GLOBAL TRANSPARENT
0 !LPUB MULTI_STEP SEPARATOR GLOBAL THICKNESS 0.03125 "black" MARGINS 0.2 0.2
0 !LPUB PAGE NUMBER MARGINS GLOBAL 0.0500 0.2000
0 !LPUB PAGE NUMBER FONT GLOBAL "Arial,60,-1,5,75,0,0,0,0,0,Bold"
0 !LPUB PLI MODEL_SCALE GLOBAL  0.7500
0 !LPUB CALLOUT BACKGROUND GLOBAL COLOR "#caedff"
0 !LPUB CALLOUT BORDER GLOBAL SQUARE 1 Black 0.010 MARGINS 0.200 0.200
0 !LPUB PAGE DISPLAY_PAGE_NUMBER GLOBAL TRUE
0 !LPUB ASSEM MODEL_SCALE GLOBAL  1.5000
0 !LPUB PAGE BACKGROUND GLOBAL COLOR "#e3e3e3"
0 !LPUB PLI CIRCLE_STYLE FONT GLOBAL "Arial,36,-1,5,50,0,0,0,0,0,Regular"
0 !LPUB PLI SQUARE_STYLE FONT GLOBAL "Arial,36,-1,5,50,0,0,0,0,0,Regular"
0 !LPUB PLI CIRCLE_STYLE MARGINS GLOBAL 0.0000 0.0000
0 !LPUB PLI CIRCLE_STYLE BORDER GLOBAL SQUARE 0 #3a3938 0.016 MARGINS 0.000 0.000
0 !LPUB PLI CIRCLE_STYLE BACKGROUND GLOBAL TRANSPARENT
0 !LPUB PLI SQUARE_STYLE MARGINS GLOBAL 0.0000 0.0000
0 !LPUB PLI SQUARE_STYLE BORDER GLOBAL NONE 0 MARGINS 0.000 0.000
0 !LPUB PLI SQUARE_STYLE BACKGROUND GLOBAL TRANSPARENT
0 !LPUB PLI ANNOTATION USE_TITLE GLOBAL FALSE
0 !LPUB PLI ANNOTATION PANEL GLOBAL TRUE
0 !LPUB PLI ANNOTATION CONNECTOR GLOBAL TRUE
0 !LPUB PLI ANNOTATION CONNECTOR GLOBAL FALSE
0 !LPUB PLI ANNOTATION CABLE GLOBAL FALSE
0 !LPUB PLI ANNOTATION DISPLAY GLOBAL TRUE
0 !LPUB PLI PART MARGINS GLOBAL 0.2000 0.1000
0 !LPUB PLI BORDER GLOBAL SQUARE 1 Black 0.010 MARGINS 0.200 0.100
0 !LPUB PLI MARGINS GLOBAL 0.2000 0.0500
0 !LPUB PAGE MARGINS GLOBAL 0.2000 0.0500
0 !LPUB RESOLUTION GLOBAL 300 DPI
0 !LPUB ASSEM SHOW_STEP_NUMBER GLOBAL FALSE
0 !LPUB PAGE ORIENTATION GLOBAL LANDSCAPE
0 !LPUB PAGE SIZE GLOBAL 7.6800 13.6600 Custom
0 !LPUB INSERT COVER_PAGE BACK
0 ROTSTEP 43 -77 0 ABS
0 !LPUB ASSEM MODEL_SCALE LOCAL  1.2500
1 0 0 11.714 6.426 -1 0 0 0 0.903 0.431 0 0.431 -0.903 a.ldr
1 57 -60 80.254 -286.809 0 0 1 -0.373 0.928 0 -0.928 -0.373 0 k.ldr
0 BUFEXCHG A STORE
1 72 -60 -258.461 -150.805 0 1 0 -0.928 0 0.373 0.373 0 0.928 87083.dat
1 4 -60 -147.102 -195.519 0 0 1 -0.373 0.928 0 -0.928 -0.373 0 HasvL4.dat
1 71 -60 -106.47 -362.698 0 1 0 -0.373 0 -0.928 -0.928 0 0.373 32123b.dat
1 4 -60 -72.934 -279.18 0 0 1 0.928 0.373 0 -0.373 0.928 0 HasvL4.dat
0 STEP
0 !LPUB ASSEM MODEL_SCALE LOCAL  1.2500
0 BUFEXCHG A RETRIEVE
0 !LPUB PLI BEGIN IGN
1 72 -60 -105.343 -212.286 0 1 0 -0.928 0 0.373 0.373 0 0.928 87083.dat
0 !LPUB PLI END
0 !LPUB PLI BEGIN IGN
1 71 -60 -72.863 -225.328 0 1 0 -0.373 0 -0.928 -0.928 0 0.373 32123b.dat
0 !LPUB PLI END
1 0 -100 -151.742 -193.656 -1 0 0 0 0.928 -0.373 0 -0.373 -0.928 18654.dat
1 0 -20 -151.742 -193.656 -1 0 0 0 0.928 -0.373 0 -0.373 -0.928 18654.dat
0 STEP
0 !LPUB ASSEM MODEL_SCALE LOCAL  1.2500
1 0 -60 -170.302 -186.204 -1 0 0 0 0.928 -0.373 0 -0.373 -0.928 n.ldr
1 71 -100 -184.222 -180.614 0 1 0 -0.373 0 -0.928 -0.928 0 0.373 32123b.dat
1 71 -20 -184.222 -180.614 0 1 0 -0.373 0 -0.928 -0.928 0 0.373 32123b.dat
0 STEP
0 ROTSTEP -38 -64 0 ABS
0 !LPUB ASSEM MODEL_SCALE LOCAL  1.2500
0 !LPUB CALLOUT PLI PER_STEP FALSE
0 !LPUB CALLOUT BEGIN
1 0 -60 137.42 -1.734 0 0 1 -0.559 -0.829 0 0.829 -0.559 0 p.ldr
0 !LPUB CALLOUT POINTER LEFT 0.203 0.522 0.855 0.000 0.000 0.000 0.000 0.000 0.000 0.000 1
0 !LPUB CALLOUT PLACEMENT RIGHT CENTER ASSEM OUTSIDE OFFSET -0.3725 0.3893
0 !LPUB CALLOUT END
0 STEP
0 !LPUB ASSEM MODEL_SCALE LOCAL  1.2500
1 0 -80 137.42 -1.734 0 -1 0 0.559 0 0.829 -0.829 0 0.559 60483.dat
0 STEP
0 !LPUB ASSEM MODEL_SCALE LOCAL  1.2500
1 0 -90 154.001 9.45 1 0 0 0 0 1 0 -1 0 6628.dat
1 0 -90 128.921 57.708 1 0 0 0 0 1 0 -1 0 6628.dat
0 STEP
0 !LPUB ASSEM MODEL_SCALE LOCAL  1.2500
1 15 -93 138.921 37.708 0 0 1 -1 0 0 0 -1 0 rubberbandround-1.ldr
0 STEP
0 !LPUB ASSEM MODEL_SCALE LOCAL  1.2500
0 !LPUB CALLOUT BEGIN
1 0 -124 114.765 85.975 0 -1 0 0.142 0 0.99 -0.99 0 0.142 q.ldr
0 !LPUB CALLOUT POINTER RIGHT 0.473 0.217 0.738 0.000 0.000 0.000 0.000 0.000 0.000 0.000 1
0 !LPUB CALLOUT PLACEMENT LEFT CENTER ASSEM OUTSIDE OFFSET -0.1072 0.2154
0 !LPUB CALLOUT END
0 STEP
0 ROTSTEP -158 -63 180 ABS
0 !LPUB ASSEM MODEL_SCALE LOCAL  1.2500
1 0 -120 -52.711 -90.801 1 0 0 0 0.902 -0.431 0 0.431 0.902 64680.dat
0 STEP
0 ROTSTEP -158 63 -180 ABS
0 !LPUB ASSEM MODEL_SCALE LOCAL  1.2500
1 0 0 -52.711 -90.801 1 0 0 0 0.902 -0.431 0 0.431 0.902 64394.dat
0 STEP
0 !LPUB ASSEM MODEL_SCALE LOCAL  1.2500
1 72 -11.002 82.436 266.951 1 0 0 0 -0.528 0.849 0 -0.849 -0.528 o.ldr
1 71 9.998 82.436 266.951 0 0 -1 -0.528 -0.849 0 -0.849 0.528 0 4143.dat
0 STEP
0 !LPUB ASSEM MODEL_SCALE LOCAL  1.2500
1 71 20 39.205 41.713 0 0 -1 -0.964 -0.267 0 -0.267 0.964 0 94925.dat
1 71 23.998 82.436 266.951 0 0 -1 -0.528 -0.849 0 -0.849 0.528 0 3649.dat
1 256 23.998 82.436 261.951 -0.015 0.009 -1 -0.528 -0.849 0 -0.849 0.528 0.017 technicchainclosed-1.ldr
0 STEP
0 !LPUB ASSEM MODEL_SCALE LOCAL  1.2500
1 72 20 3.097 24.48 0 0 -1 -0.902 -0.431 0 -0.431 0.902 0 10928.dat
1 72 20 20.331 -11.628 0 0 -1 -0.902 -0.431 0 -0.431 0.902 0 3648b.dat
0 STEP
0 !LPUB ASSEM MODEL_SCALE LOCAL  1.2500
0 BUFEXCHG A STORE
1 0 -60 -255.711 -130.442 -1 0 0 0 0.373 0.928 0 0.928 -0.373 58177.dat
1 4 -60 -125.792 -182.605 0 0 -1 0.373 0.928 0 0.928 -0.373 0 HasvL4.dat
0 STEP
0 !LPUB ASSEM MODEL_SCALE LOCAL  1.2500
0 BUFEXCHG A RETRIEVE
0 !LPUB PLI BEGIN IGN
1 0 -60 -135.072 -178.879 -1 0 0 0 0.373 0.928 0 0.928 -0.373 58177.dat
0 !LPUB PLI END
0 STEP
0 !LPUB BOM CONSTRAIN LOCAL HEIGHT 6.8733
0 !LPUB INSERT PAGE
0 !LPUB INSERT BOM
0 NOFILE 
0 FILE a.ldr
0 Author: Jaap Joris Vens
0 !LICENSE Creative Commons BY-SA
0 ROTSTEP 23 45 0 ABS
1 0 0 0 0 0 -1 0 0 0 -1 1 0 0 64179.dat
1 0 0 -40 20 0 -1 0 0 0 -1 1 0 0 15100.dat
1 0 0 40 20 0 -1 0 0 0 -1 1 0 0 15100.dat
1 0 0 40 -20 0 -1 0 0 0 1 -1 0 0 15100.dat
1 0 0 -40 -20 0 -1 0 0 0 1 -1 0 0 15100.dat
1 0 0 0 20 0 -1 0 0 0 -1 1 0 0 15100.dat
1 0 0 0 -20 0 -1 0 0 0 1 -1 0 0 15100.dat
0 STEP
1 1 0 -80 -20 0 1 0 -1 0 0 0 0 1 6558.dat
1 1 0 -80 20 0 1 0 -1 0 0 0 0 1 6558.dat
1 0 10 60 40 1 0 0 0 1 0 0 0 1 2780.dat
1 0 10 -20 -40 1 0 0 0 1 0 0 0 1 2780.dat
1 1 10 20 -40 1 0 0 0 1 0 0 0 1 43093.dat
0 STEP
0 !LPUB MULTI_STEP BEGIN
0 !LPUB MULTI_STEP ASSEM MODEL_SCALE LOCAL  1.7500
0 BUFEXCHG A STORE
1 0 20 -150 90 0 -1 0 0 0 -1 1 0 0 6536.dat
1 0 20 -150 -90 0 -1 0 0 0 -1 1 0 0 6536.dat
1 0 20 -150 0 0 -1 0 0 0 -1 1 0 0 3706.dat
1 0 60 -150 0 0 0 -1 1 0 0 0 -1 0 11478.dat
1 0 20 -150 -130 0 0 1 0 -1 0 1 0 0 6536.dat
1 0 20 -150 130 0 0 1 0 -1 0 1 0 0 6536.dat
0 !LPUB PLI BEGIN IGN
1 4 20 -150 -120 0 0 -1 1 0 0 0 -1 0 line.dat
0 !LPUB PLI END
0 !LPUB PLI BEGIN IGN
1 4 20 -150 -160 0 0 -1 1 0 0 0 -1 0 line.dat
0 !LPUB PLI END
0 !LPUB PLI BEGIN IGN
1 4 20 -150 60 0 0 -1 1 0 0 0 -1 0 line.dat
0 !LPUB PLI END
0 !LPUB PLI BEGIN IGN
1 4 20 -150 100 0 0 -1 1 0 0 0 -1 0 line.dat
0 !LPUB PLI END
0 STEP
0 !LPUB MULTI_STEP ASSEM MODEL_SCALE LOCAL  1.7500
0 !LPUB MULTI_STEP DIVIDER
0 BUFEXCHG A RETRIEVE
0 BUFEXCHG A STORE
0 !LPUB PLI BEGIN IGN
1 0 20 -150 20 0 -1 0 0 0 -1 1 0 0 6536.dat
0 !LPUB PLI END
0 !LPUB PLI BEGIN IGN
1 0 20 -150 -20 0 -1 0 0 0 -1 1 0 0 6536.dat
0 !LPUB PLI END
0 !LPUB PLI BEGIN IGN
1 0 20 -150 0 0 -1 0 0 0 -1 1 0 0 3706.dat
0 !LPUB PLI END
0 !LPUB PLI BEGIN IGN
1 0 60 -150 0 0 0 -1 1 0 0 0 -1 0 11478.dat
0 !LPUB PLI END
0 !LPUB PLI BEGIN IGN
1 0 20 -150 -40 0 0 1 0 -1 0 1 0 0 6536.dat
0 !LPUB PLI END
0 !LPUB PLI BEGIN IGN
1 0 20 -150 40 0 0 1 0 -1 0 1 0 0 6536.dat
0 !LPUB PLI END
0 !LPUB PLI BEGIN IGN
1 4 0 -160 20 1 0 0 0 -1 0 0 0 -1 line.dat
0 !LPUB PLI END
0 !LPUB PLI BEGIN IGN
1 4 0 -200 20 1 0 0 0 -1 0 0 0 -1 line.dat
0 !LPUB PLI END
0 !LPUB PLI BEGIN IGN
1 4 0 -160 -20 1 0 0 0 -1 0 0 0 -1 line.dat
0 !LPUB PLI END
0 !LPUB PLI BEGIN IGN
1 4 0 -200 -20 1 0 0 0 -1 0 0 0 -1 line.dat
0 !LPUB PLI END
0 STEP
0 !LPUB MULTI_STEP ASSEM MODEL_SCALE LOCAL  1.7500
0 !LPUB MULTI_STEP DIVIDER
0 BUFEXCHG A RETRIEVE
0 !LPUB PLI BEGIN IGN
1 0 20 -80 20 0 -1 0 0 0 -1 1 0 0 6536.dat
0 !LPUB PLI END
0 !LPUB PLI BEGIN IGN
1 0 20 -80 -20 0 -1 0 0 0 -1 1 0 0 6536.dat
0 !LPUB PLI END
0 !LPUB PLI BEGIN IGN
1 0 20 -80 0 0 -1 0 0 0 -1 1 0 0 3706.dat
0 !LPUB PLI END
0 !LPUB PLI BEGIN IGN
1 0 60 -80 0 0 0 -1 1 0 0 0 -1 0 11478.dat
0 !LPUB PLI END
0 !LPUB PLI BEGIN IGN
1 0 20 -80 40 0 0 1 0 -1 0 1 0 0 6536.dat
0 !LPUB PLI END
0 !LPUB PLI BEGIN IGN
1 0 20 -80 -40 0 0 1 0 -1 0 1 0 0 6536.dat
0 !LPUB PLI END
0 STEP
0 !LPUB MULTI_STEP END
1 0 20 60 40 0 -1 0 0.363 0 -0.932 0.932 0 0.363 c.ldr
0 STEP
1 0 40 -100 -40 0 -1 0 0.677 0 -0.736 0.736 0 0.677 b.ldr
0 STEP
1 0 20 -60 -40 0 -1 0 1 0 0 0 0 1 32009.dat
1 71 60 -60 -200 -1 0 0 0 0 1 0 1 0 32073.dat
1 0 30 -60 -140 -1 0 0 0 0 1 0 1 0 2780.dat
0 STEP
1 1 60 -60 -160 1 0 0 0 0 1 0 -1 0 6558.dat
1 0 40 -60 -220 0 1 0 1 0 0 0 0 -1 40490.dat
1 71 30 -60 -280 -1 0 0 0 -1 0 0 0 1 61184.dat
1 71 30 -60 -260 -1 0 0 0 -1 0 0 0 1 61184.dat
1 1 60 -60 -300 1 0 0 0 -1 0 0 0 -1 6558.dat
1 71 30 -60 -240 -1 0 0 0 -1 0 0 0 1 61184.dat
1 71 30 -60 -220 -1 0 0 0 -1 0 0 0 1 61184.dat
0 STEP
1 0 60 -123.976 -59.793 -1 0 0 0 0.843 0.537 0 0.537 -0.843 18944.dat
1 72 30 60 -40 -1 0 0 0 0 -1 0 -1 0 87083.dat
0 STEP
1 0 20 99.269 -109.696 0 -1 0 0.871 0 -0.491 0.491 0 0.871 40490.dat
1 0 40 99.886 -36.987 0 -1 0 -0.075 0 -0.997 0.997 0 -0.075 32316.dat
0 STEP
1 0 70 60 -40 0 0 1 1 0 0 0 1 0 59443.dat
1 1 50 139.773 -33.974 1 0 0 0 0.298 0.954 0 -0.954 0.298 43093.dat
0 STEP
1 0 60 92.027 118.736 0 1 0 -0.954 0 -0.298 -0.298 0 0.954 32009.dat
1 1 50 133.805 -14.885 -1 0 0 0 -0.298 0.954 0 0.954 0.298 43093.dat
1 72 60 115.9 42.381 -1 0 0 0 -0.298 0.954 0 0.954 0.298 11214.dat
1 0 70 121.868 23.292 -1 0 0 0 -0.298 0.954 0 0.954 0.298 2780.dat
0 STEP
1 0 45 124.852 13.748 0 -1 0 0.954 0 -0.298 0.298 0 0.954 32449.dat
1 0 35 124.852 13.748 0 -1 0 0.954 0 -0.298 0.298 0 0.954 32449.dat
1 0 80 127.836 4.203 0 -1 0 0.954 0 -0.298 0.298 0 0.954 32316.dat
0 STEP
0 ROTSTEP 23 135 0 ABS
1 71 110 -70.091 19.932 -1 0 0 0 -0.602 0.799 0 0.799 0.602 d.ldr
0 STEP
1 0 80 -217.76 68.32 0 -1 0 0.677 0 -0.736 0.736 0 0.677 32009.dat
1 1 90 -163.6 127.2 -1 0 0 0 -0.677 -0.736 0 -0.736 0.677 43093.dat
0 STEP
1 0 110 -9.909 59.932 -1 0 0 0 0.602 0.799 0 0.799 -0.602 submodel-1.ldr
0 STEP
1 0 100 -80 0 0 0 1 0 1 0 -1 0 0 3706.dat
0 STEP
1 0 100 -80 20 0 1 0 0 0 -1 -1 0 0 6536.dat
1 0 100 -80 -20 0 1 0 0 0 -1 -1 0 0 6536.dat
1 0 100 -80 40 0 0 1 0 -1 0 1 0 0 6536.dat
1 0 100 -80 -40 0 0 1 0 -1 0 1 0 0 6536.dat
0 STEP
0 ROTSTEP -11 -52 -10 ABS
1 14 40 89.444 -92.273 0 0 1 0.112 -0.994 0 0.994 0.112 0 76537.dat
1 0 40 89.444 -92.273 -1 0 0 0 -0.871 -0.491 0 -0.491 0.871 32054.dat
0 STEP
1 0 10 128.739 -161.976 1 0 0 0 -0.871 0.491 0 -0.491 -0.871 2780.dat
1 0 10 109.092 -127.123 1 0 0 0 -0.871 0.491 0 -0.491 -0.871 2780.dat
1 0 10 99.269 -109.696 1 0 0 0 -0.871 0.491 0 -0.491 -0.871 2780.dat
1 0 10 79.622 -74.843 1 0 0 0 -0.871 0.491 0 -0.491 -0.871 2780.dat
0 STEP
1 71 0.006 118.919 -144.555 -1 0 0 0 -0.491 0.871 0 0.871 0.491 48989.dat
1 71 0.006 89.448 -92.275 -1 0 0 0 -0.491 0.871 0 0.871 0.491 48989.dat
0 STEP
1 0 0.002 138.548 -179.425 0 -1 0 0.871 0 -0.491 0.491 0 0.871 18651.dat
1 0 0.002 111.312 -171.8 1 0 0 0 -0.871 0.491 0 -0.491 -0.871 32525.dat
1 1 0.002 169.14 -254.022 0 1 0 0.871 0 0.491 0.491 0 -0.871 43093.dat
0 STEP
1 0 0.002 175.62 -204.448 0 0 -1 0.491 -0.871 0 -0.871 -0.491 0 23801.dat
1 71 30.002 175.62 -204.448 0 0 -1 0.491 -0.871 0 -0.871 -0.491 0 35189.dat
0 STEP
1 0 0.002 126.501 -117.323 1 0 0 0 -0.871 0.491 0 -0.491 -0.871 32524.dat
0 STEP
0 ROTSTEP -3 58 24 ABS
1 0 100 89.444 -92.273 -1 0 0 0 0.871 0.491 0 0.491 -0.871 e.ldr
0 STEP
0 ROTSTEP -141 59 138 ABS
1 0 60 0 20 0 0 1 -1 0 0 0 -1 0 f.ldr
0 STEP
1 25 40 40 -20 0 0 -1 0 1 0 1 0 0 g.ldr
0 STEP
0 !LPUB CALLOUT PLI PER_STEP FALSE
0 !LPUB CALLOUT BEGIN
1 71 40 0 -20 0 0 -1 0 1 0 1 0 0 h.ldr
0 !LPUB CALLOUT POINTER RIGHT 0.561 0.491 0.493 0.000 0.000 0.000 0.000 0.000 0.000 0.000 1
0 !LPUB CALLOUT PLACEMENT LEFT CENTER ASSEM OUTSIDE OFFSET 0.0000 -0.0625
0 !LPUB CALLOUT END
0 STEP
1 0 100 60.08 40.08 0 1 0 -0.363 0 -0.932 -0.932 0 0.363 i.ldr
0 STEP
0 ROTSTEP -143 59 151 ABS
1 0 120 0 0 1 0 0 0 1 0 0 0 1 j.ldr
0 BUFEXCHG A STORE
1 1 120 -160 20 0 0 1 1 0 0 0 1 0 6558.dat
1 1 120 -160 -20 0 0 1 1 0 0 0 1 0 6558.dat
1 4 120 -90 -20 0 0 -1 0 1 0 1 0 0 HasvL2.dat
1 4 120 -90 20 0 0 -1 0 1 0 1 0 0 HasvL2.dat
1 6 230 60 -40 1 0 0 0 1 0 0 0 1 24316.dat
1 4 130 60 -40 0 -1 0 -1 0 0 0 0 -1 HasvL4.dat
0 !LPUB CALLOUT BEGIN
1 0 20 200 0 0 0 -1 0 1 0 1 0 0 r.ldr
0 !LPUB CALLOUT POINTER RIGHT 0.963 0.347 0.963 0.000 0.000 0.000 0.000 0.000 0.000 0.000 1
0 !LPUB CALLOUT PLACEMENT LEFT CENTER ASSEM OUTSIDE OFFSET -0.0820 0.2677
0 !LPUB CALLOUT END
1 4 120 90 0 0 0 -1 0 -1 0 -1 0 0 HasvL4.dat
1 4 0 90 -20 0 0 -1 0 -1 0 -1 0 0 HasvL4.dat
1 4 0 90 20 0 0 -1 0 -1 0 -1 0 0 HasvL4.dat
0 STEP
0 BUFEXCHG A RETRIEVE
0 !LPUB PLI BEGIN IGN
1 1 120 -80 20 0 0 1 1 0 0 0 1 0 6558.dat
0 !LPUB PLI END
0 !LPUB PLI BEGIN IGN
1 1 120 -80 -20 0 0 1 1 0 0 0 1 0 6558.dat
0 !LPUB PLI END
0 !LPUB PLI BEGIN IGN
1 6 100 60 -40 1 0 0 0 1 0 0 0 1 24316.dat
0 !LPUB PLI END
0 !LPUB PLI BEGIN IGN
1 0 20 80 0 0 0 -1 0 1 0 1 0 0 r.ldr
0 !LPUB PLI END
1 71 140 0 -20 0 0 1 0 1 0 -1 0 0 94925.dat
1 71 140 40 -20 0 0 1 0.174 0.985 0 -0.985 0.174 0 94925.dat
1 71 140 40 20 0 1 0 0 0 1 1 0 0 33299a.dat
0 STEP
0 ROTSTEP -23 66 49 ABS
1 0 55 -60 -320 0 -1 0 1 0 0 0 0 1 6632.dat
1 0 65 -60 -320 0 -1 0 1 0 0 0 0 1 6632.dat
1 0 55 -60 -220 0 -1 0 1 0 0 0 0 1 11478.dat
1 0 65 -60 -220 0 -1 0 1 0 0 0 0 1 11478.dat
1 71 60 -60 -320 1 0 0 0 -1 0 0 0 -1 4519.dat
0 STEP
1 0 80 -60 -220 0 1 0 1 0 0 0 0 -1 40490.dat
1 71 90 -60 -280 1 0 0 0 0 -1 0 1 0 4274.dat
1 71 90 -60 -260 1 0 0 0 0 -1 0 1 0 4274.dat
1 71 90 -60 -240 1 0 0 0 0 -1 0 1 0 4274.dat
1 71 90 -60 -220 1 0 0 0 0 -1 0 1 0 4274.dat
1 0 40 -60 -320 0 1 0 0 0 1 1 0 0 60483.dat
1 1 60 -40 -320 1 0 0 0 0 1 0 -1 0 6558.dat
1 1 90 -60 -140 1 0 0 0 1 0 0 0 1 43093.dat
0 STEP
1 0 60 -17.103 -202.205 1 0 0 0 0.982 0.191 0 -0.191 0.982 18944.dat
1 0 70 5.794 -84.409 1 0 0 0 0.982 0.191 0 -0.191 0.982 2780.dat
0 STEP
1 0 80 -60 -320 0 1 0 0 0 1 1 0 0 60483.dat
1 0 80 2.127 -75.904 0 -1 0 0.799 0 -0.602 0.602 0 0.799 43857.dat
1 0 95 -60 -170 0 1 0 1 0 0 0 0 -1 32449.dat
1 0 105 -60 -170 0 1 0 1 0 0 0 0 -1 32449.dat
0 STEP
1 0 114 -59.956 -230.015 0 -1 0 1 0 0 0 0 1 42022.dat
1 0 6 -58.391 -230.03 0 1 0 -1 0 0.018 0.018 0 1 42022.dat
0 NOFILE 
0 FILE b.ldr
0 Author: Jaap Joris Vens
0 !LICENSE Creative Commons BY-SA
1 0 0 0 160 1 0 0 0 1 0 0 0 1 32009.dat
1 0 0 -20 0 0 1 0 -1 0 0 0 0 1 3706.dat
1 0 80 0 160 0 1 0 -1 0 0 0 0 1 18651.dat
1 1 40 -20 160 0 1 0 -1 0 0 0 0 1 6558.dat
1 1 60 -20 160 0 1 0 -1 0 0 0 0 1 6558.dat
1 1 0 -20 120 0 1 0 -1 0 0 0 0 1 6558.dat
0 STEP
1 0 80 -20 180 0 0 -1 -1 0 0 0 1 0 42003.dat
1 0 50 -20 180 -1 0 0 0 0 -1 0 -1 0 32557.dat
0 NOFILE 
0 FILE c.ldr
0 Author: Jaap Joris Vens
0 !LICENSE Creative Commons BY-SA
1 0 0 0 120 1 0 0 0 1 0 0 0 1 41239.dat
1 0 0 -10 40 0 1 0 -1 0 0 0 0 1 2780.dat
1 0 0 -10 60 0 1 0 -1 0 0 0 0 1 2780.dat
0 STEP
1 0 20 -20 50 0 -1 0 0 0 1 -1 0 0 32557.dat
0 STEP
1 0 30 -20 30 0 -1 0 0 0 1 -1 0 0 32138.dat
0 STEP
1 0 20 0 10 0 -1 0 1 0 0 0 0 1 64683.dat
1 1 60 -40 30 0 1 0 -1 0 0 0 0 1 6558.dat
0 NOFILE 
0 FILE submodel-1.ldr
0 Author: Jaap Joris Vens
0 !LICENSE Creative Commons BY-SA
0 ROTSTEP 23 135 0 ABS
0 !LPUB PLI BEGIN SUB motor.ldr 72
0 !LPUB PART BEGIN IGN
1 72 100 -100 0 -1 0 0 0 -1 0 0 0 1 motor.ldr
0 !LPUB PLI END
0 !LPUB PART END
1 71 50 -50 0 -1 0 0 0 -1 0 0 0 1 44294.dat
1 71 70 -70 -60 0 0 1 -1 0 0 0 -1 0 3713.dat
1 71 10 -50 0 0 0 1 0 -1 0 1 0 0 94925.dat
1 0 90 -50 0 0 0 1 0 -1 0 1 0 0 32270.dat
1 0 50 -70 -60 1 0 0 0 -1 0 0 0 -1 3706.dat
1 71 30 -70 -60 0 0 -1 1 0 0 0 -1 0 3713.dat
0 NOFILE 
0 FILE d.ldr
0 Author: Jaap Joris Vens
0 !LICENSE Creative Commons BY-SA
0 ROTSTEP 23 135 0 ABS
1 0 60 -110 -20 1 0 0 0 1 0 0 0 1 2780.dat
1 0 40 -110 0 1 0 0 0 1 0 0 0 1 2780.dat
1 71 50 -50 0 1 0 0 0 0.978 0.208 0 -0.208 0.978 44294.dat
1 71 90 -50 0 0 0 -1 0.208 0.978 0 0.978 -0.208 0 3713.dat
1 71 10 -50 0 0 0 -1 0.208 0.978 0 0.978 -0.208 0 94925.dat
0 !LPUB PLI BEGIN SUB motor.ldr 72
0 !LPUB PART BEGIN IGN
1 72 0 0 0 1 0 0 0 1 0 0 0 1 motor.ldr
0 !LPUB PLI END
0 !LPUB PART END
0 NOFILE 
0 FILE e.ldr
0 Author: Jaap Joris Vens
0 !LICENSE Creative Commons BY-SA
0 ROTSTEP 23 45 0 ABS
1 72 20 0 0 1 0 0 0 1 0 0 0 1 27940.dat
1 0 20 0 -20 -1 0 0 0 1 0 0 0 -1 15100.dat
1 0 20 10 -20 0 1 0 -1 0 0 0 0 1 2780.dat
1 71 20 0 0 0 1 0 -1 0 0 0 0 1 4519.dat
0 BUFEXCHG A STORE
1 0 -45 0 -30 0 1 0 1 0 0 0 0 -1 32449.dat
1 0 -35 0 -30 0 1 0 1 0 0 0 0 -1 32449.dat
1 0 20 60 0 -1 0 0 0 1 0 0 0 -1 60483.dat
1 0 20 -80 0 -1 0 0 0 0 -1 0 -1 0 32192.dat
1 4 20 0 0 -1 0 0 0 1 0 0 0 -1 line.dat
1 4 20 90 0 -1 0 0 0 1 0 0 0 -1 line.dat
1 4 20 90 -20 -1 0 0 0 1 0 0 0 -1 line.dat
1 4 -10 0 0 0 1 0 1 0 0 0 0 -1 line.dat
1 4 -10 0 -20 0 1 0 1 0 0 0 0 -1 line.dat
1 4 -35 0 -20 0 1 0 1 0 0 0 0 -1 line.dat
1 4 -35 0 0 0 1 0 1 0 0 0 0 -1 line.dat
1 4 20 -129.497 49.497 0 1 0 0.707 0 -0.707 -0.707 0 -0.707 32062.dat
1 4 20 -125.962 45.962 0 0 1 0.707 -0.707 0 0.707 0.707 0 line.dat
1 4 20 -175.459 95.459 0 0 1 0.707 -0.707 0 0.707 0.707 0 line.dat
1 0 20 -164.853 84.853 0 1 0 -0.707 0 -0.707 -0.707 0 0.707 11947.dat
1 0 80 -200.208 120.208 -1 0 0 0 0.707 -0.707 0 -0.707 -0.707 32138.dat
1 4 70 -207.279 127.279 0 1 0 -0.707 0 0.707 0.707 0 0.707 line.dat
1 4 150 -207.279 127.279 0 1 0 -0.707 0 0.707 0.707 0 0.707 line.dat
1 4 150 -193.137 113.137 0 1 0 -0.707 0 0.707 0.707 0 0.707 line.dat
1 4 70 -193.137 113.137 0 1 0 -0.707 0 0.707 0.707 0 0.707 line.dat
1 0 145 -164.853 84.853 0 -1 0 0.707 0 -0.707 0.707 0 0.707 11946.dat
0 STEP
0 BUFEXCHG A RETRIEVE
0 !LPUB PLI BEGIN IGN
1 0 -5 0 -30 0 1 0 1 0 0 0 0 -1 32449.dat
0 !LPUB PLI END
0 !LPUB PLI BEGIN IGN
1 0 5 0 -30 0 1 0 1 0 0 0 0 -1 32449.dat
0 !LPUB PLI END
0 !LPUB PLI BEGIN IGN
1 0 20 20 0 -1 0 0 0 1 0 0 0 -1 60483.dat
0 !LPUB PLI END
0 !LPUB PLI BEGIN IGN
1 0 20 -40 0 -1 0 0 0 0 -1 0 -1 0 32192.dat
0 !LPUB PLI END
0 !LPUB PLI BEGIN IGN
1 4 20 -61.213 21.213 0 1 0 0.707 0 -0.707 -0.707 0 -0.707 32062.dat
0 !LPUB PLI END
0 !LPUB PLI BEGIN IGN
1 0 20 -68.284 28.284 0 1 0 -0.707 0 -0.707 -0.707 0 0.707 11947.dat
0 !LPUB PLI END
0 !LPUB PLI BEGIN IGN
1 0 40 -103.64 63.64 -1 0 0 0 0.707 -0.707 0 -0.707 -0.707 32138.dat
0 !LPUB PLI END
0 !LPUB PLI BEGIN IGN
1 0 60 -68.284 28.284 0 -1 0 0.707 0 -0.707 0.707 0 0.707 11946.dat
0 !LPUB PLI END
0 NOFILE 
0 FILE f.ldr
0 Author: Jaap Joris Vens
0 !LICENSE Creative Commons BY-SA
0 ROTSTEP 23 45 0 ABS
1 71 0 0 0 1 0 0 0 1 0 0 0 1 18948.dat
1 71 0 0 40 0 0 1 0 1 0 -1 0 0 4519.dat
1 0 0 0 -50 0 0 1 0 1 0 -1 0 0 3705.dat
0 STEP
1 72 0 0 0 -1 0 0 0 1 0 0 0 -1 18947.dat
1 1 0 0 -40 -1 0 0 0 1 0 0 0 -1 35185.dat
1 4 0 0 40 -1 0 0 0 1 0 0 0 -1 18946.dat
0 NOFILE 
0 FILE g.ldr
0 Author: Jaap Joris Vens
0 !LICENSE Creative Commons BY-SA
0 ROTSTEP 23 45 0 ABS
1 0 40 0 -50 0 0 1 0 1 0 -1 0 0 3706.dat
1 71 0 0 0 0.985 0.174 0 -0.174 0.985 0 0 0 1 26287.dat
1 71 40 0 10 1 0 0 0 1 0 0 0 1 59443.dat
1 71 0 0 -60 0 0.174 0.985 0 0.985 -0.174 -1 0 0 32073.dat
1 71 0 0 40 0 0.174 0.985 0 0.985 -0.174 -1 0 0 4519.dat
1 4 40 0 30 0 0 1 0 1 0 -1 0 0 32062.dat
0 STEP
1 25 40 0 -20 0 1 0 1 0 0 0 0 -1 35188.dat
0 STEP
1 71 20 0 -40 0 0 -1 1 0 0 0 -1 0 32523.dat
0 STEP
1 71 0 0 -60 0.174 -0.985 0 0.985 0.174 0 0 0 1 3713.dat
1 71 40 0 -60 0 -1 0 1 0 0 0 0 1 3713.dat
0 NOFILE 
0 FILE h.ldr
0 Author: Jaap Joris Vens
0 !LICENSE Creative Commons BY-SA
0 ROTSTEP 23 45 0 ABS
1 71 0 0 0 1 0 0 0 1 0 0 0 1 26287.dat
1 4 0 0 -30 0 0 1 0 1 0 -1 0 0 32062.dat
1 71 0 0 40 0 0 1 0 1 0 -1 0 0 4519.dat
0 STEP
1 71 0 0 -50 -1 0 0 0 1 0 0 0 -1 59443.dat
1 71 0 0 -80 0 0 1 0 1 0 -1 0 0 4519.dat
0 NOFILE 
0 FILE i.ldr
0 Author: Jaap Joris Vens
0 !LICENSE Creative Commons BY-SA
0 ROTSTEP 23 45 0 ABS
1 0 0 0 120 1 0 0 0 1 0 0 0 1 41239.dat
1 0 0 -10 40 0 1 0 -1 0 0 0 0 1 2780.dat
1 0 0 -10 60 0 1 0 -1 0 0 0 0 1 2780.dat
1 0 0 10 0 0 1 0 -1 0 0 0 0 1 2780.dat
0 STEP
1 0 -20 -20 50 0 1 0 0 0 1 1 0 0 32557.dat
0 STEP
1 0 -30 -20 30 0 -1 0 0 0 1 -1 0 0 32138.dat
0 STEP
1 0 -20 0 10 0 1 0 -1 0 0 0 0 1 64391.dat
0 NOFILE 
0 FILE j.ldr
0 Author: Jaap Joris Vens
0 !LICENSE Creative Commons BY-SA
0 ROTSTEP 23 45 0 ABS
1 0 0 0 0 0 -1 0 0 0 -1 1 0 0 64179.dat
1 0 0 -40 20 0 -1 0 0 0 -1 1 0 0 15100.dat
1 0 0 0 20 0 -1 0 0 0 -1 1 0 0 15100.dat
1 0 0 40 20 0 -1 0 0 0 -1 1 0 0 15100.dat
1 0 0 40 -20 0 -1 0 0 0 1 -1 0 0 15100.dat
1 0 0 0 -20 0 -1 0 0 0 1 -1 0 0 15100.dat
1 0 0 -40 -20 0 -1 0 0 0 1 -1 0 0 15100.dat
0 NOFILE 
0 FILE k.ldr
0 Author: Jaap Joris Vens
0 !LICENSE Creative Commons BY-SA
0 ROTSTEP 23 45 0 ABS
1 71 0 0 0 0 0 -1 0 1 0 1 0 0 44294.dat
1 256 0 0 0 1 0 0 0 1 0 0 0 1 88516.dat
1 0 0 0 0 1 0 0 0 1 0 0 0 1 88517.dat
0 STEP
1 71 0 0 -20 0 -1 0 -1 0 0 0 0 -1 65416.dat
1 71 0 0 20 0 -1 0 -1 0 0 0 0 -1 65416.dat
0 STEP
1 0 0 -170 -40 -1 0 0 0 1 0 0 0 -1 74741-f1.dat
1 0 0 -170 40 -1 0 0 0 1 0 0 0 -1 74741-f1.dat
1 71 0 -220 -40 0 0 -1 -1 0 0 0 1 0 44294.dat
1 71 0 -220 40 0 0 -1 -1 0 0 0 1 0 44294.dat
0 STEP
1 0 0 -175 0 -1 0 0 0 1 0 0 0 -1 11478.dat
1 71 0 0 -55 1 0 0 0 1 0 0 0 1 32123b.dat
1 71 0 0 55 1 0 0 0 1 0 0 0 1 32123b.dat
0 STEP
1 0 0 -190 -40 0 1 0 -1 0 0 0 0 1 32291.dat
1 0 0 -190 40 0 1 0 -1 0 0 0 0 1 32291.dat
0 STEP
1 0 0 -205 0 -1 0 0 0 1 0 0 0 -1 11478.dat
0 STEP
1 72 20 -180 30 0 0 1 0 1 0 -1 0 0 32002.dat
1 72 20 -200 30 0 0 1 0 1 0 -1 0 0 32002.dat
1 72 20 -200 -30 0 0 -1 0 1 0 1 0 0 32002.dat
1 72 20 -180 -30 0 0 -1 0 1 0 1 0 0 32002.dat
0 STEP
1 0 20 -160 20 1 0 0 0 0 -1 0 1 0 2825.dat
1 0 20 -160 -20 -1 0 0 0 0 -1 0 -1 0 2825.dat
0 STEP
0 BUFEXCHG A STORE
1 71 20 -160 -160 0 -1 0 0 0 -1 1 0 0 32073.dat
1 4 20 -160 -50 0 0 -1 -1 0 0 0 1 0 line.dat
1 4 20 -160 30 0 0 -1 -1 0 0 0 1 0 line.dat
1 4 20 -160 70 0 0 -1 -1 0 0 0 1 0 line.dat
0 !LPUB CALLOUT PLI PER_STEP FALSE
0 !LPUB CALLOUT BEGIN
1 47 144.142 -174.142 0 0.707 -0.707 0 0.707 0.707 0 0 0 1 l.ldr
0 !LPUB CALLOUT POINTER LEFT 0.612 0.971 0.348 0.000 0.000 0.000 0.000 0.000 0.000 0.000 1
0 !LPUB CALLOUT PLACEMENT RIGHT CENTER ASSEM OUTSIDE OFFSET 0.2165 -0.2304
0 !LPUB CALLOUT END
1 4 20 -160 0 0 -1 0 1 0 0 0 0 1 HasvL4.dat
0 STEP
0 BUFEXCHG A RETRIEVE
0 !LPUB PLI BEGIN IGN
1 71 20 -160 0 0 -1 0 0 0 -1 1 0 0 32073.dat
0 !LPUB PLI END
1 47 34.142 -174.142 0 0.588 -0.809 0 0.809 0.588 0 0 0 1 l.ldr
1 0 0 -220 -40 0 1 0 1 0 0 0 0 -1 6536.dat
1 0 0 -220 40 0 1 0 1 0 0 0 0 -1 6536.dat
0 STEP
1 0 0 -235 0 -1 0 0 0 1 0 0 0 -1 11478.dat
1 71 20 -220 -50 0 0 1 0 1 0 -1 0 0 4274.dat
1 71 20 -220 50 0 0 -1 0 1 0 1 0 0 4274.dat
0 STEP
1 57 20 -220 -42 1 0 0 0 0 -1 0 1 0 58176.dat
1 57 20 -220 42 1 0 0 0 0 1 0 -1 0 58176.dat
0 NOFILE 
0 FILE l.ldr
0 Author: Jaap Joris Vens
0 !LICENSE Creative Commons BY-SA
0 ROTSTEP 23 45 0 ABS
1 0 0 0 0 0 0 -1 0 -1 0 -1 0 0 32557.dat
0 BUFEXCHG A STORE
1 47 128 -20 0 0 -1 0 0 0 1 -1 0 0 3023.dat
1 71 90 -20 10 1 0 0 0 0 1 0 -1 0 61184.dat
1 71 90 -20 -10 1 0 0 0 0 1 0 -1 0 61184.dat
1 0 -130 -20 -10 -1 0 0 0 0 1 0 1 0 2780.dat
1 0 -130 -20 10 -1 0 0 0 0 1 0 1 0 2780.dat
1 0 -200 -30 0 0 0 1 0 1 0 -1 0 0 32000.dat
1 0 -60 -30 0 0 0 1 0 1 0 -1 0 0 32000.dat
1 4 30 -20 10 0 1 0 0 0 1 1 0 0 line.dat
1 4 30 -20 -10 0 1 0 0 0 1 1 0 0 line.dat
1 4 -30 -20 -10 0 1 0 0 0 1 1 0 0 line.dat
1 4 -30 -20 10 0 1 0 0 0 1 1 0 0 line.dat
1 4 -90 -20 10 0 1 0 0 0 1 1 0 0 line.dat
1 4 -90 -20 -10 0 1 0 0 0 1 1 0 0 line.dat
1 4 -150 -20 -10 0 1 0 0 0 1 1 0 0 line.dat
1 4 -150 -20 10 0 1 0 0 0 1 1 0 0 line.dat
1 4 -200 -20 10 0 1 0 0 0 1 1 0 0 line.dat
1 4 -200 -20 -10 0 1 0 0 0 1 1 0 0 line.dat
0 STEP
0 BUFEXCHG A RETRIEVE
0 !LPUB PLI BEGIN IGN
1 71 10 -20 10 1 0 0 0 0 1 0 -1 0 61184.dat
0 !LPUB PLI END
0 !LPUB PLI BEGIN IGN
1 71 10 -20 -10 1 0 0 0 0 1 0 -1 0 61184.dat
0 !LPUB PLI END
0 !LPUB PLI BEGIN IGN
1 0 -30 -20 -10 -1 0 0 0 0 1 0 1 0 2780.dat
0 !LPUB PLI END
0 !LPUB PLI BEGIN IGN
1 0 -30 -20 10 -1 0 0 0 0 1 0 1 0 2780.dat
0 !LPUB PLI END
0 !LPUB PLI BEGIN IGN
1 0 -40 -30 0 0 0 1 0 1 0 -1 0 0 32000.dat
0 !LPUB PLI END
0 !LPUB PLI BEGIN IGN
1 0 -20 -30 0 0 0 1 0 1 0 -1 0 0 32000.dat
0 !LPUB PLI END
0 !LPUB PLI BEGIN IGN
1 47 18 -20 0 0 -1 0 0 0 1 -1 0 0 3023.dat
0 !LPUB PLI END
0 NOFILE 
0 FILE m.ldr
0 Author: Jaap Joris Vens
0 !LICENSE Creative Commons BY-SA
0 ROTSTEP 23 45 0 ABS
1 0 0 26 70 1 0 0 0 -1 0 0 0 -1 47753.dat
1 0 0 18 40 -1 0 0 0 -1 0 0 0 1 99780.dat
0 STEP
1 71 0 20 18 1 0 0 0 0 -1 0 1 0 3069bpc3.dat
1 0 0 10 50 0 0 -1 0 -1 0 -1 0 0 10247.dat
0 STEP
1 1 0 0 30 0 0 -1 0 -1 0 -1 0 0 43093.dat
0 STEP
1 0 0 0 0 1 0 0 0 -1 0 0 0 -1 32013.dat
0 NOFILE 
0 FILE n.ldr
0 Author: Jaap Joris Vens
0 !LICENSE Creative Commons BY-SA
0 ROTSTEP 23 45 0 ABS
1 0 0 0 0 -1 0 0 0 -0.588 0.809 0 0.809 0.588 m.ldr
1 71 0 0 0 -1 0 0 0 -1 0 0 0 1 4519.dat
0 STEP
1 0 40 0 0 0 0 1 1 0 0 0 1 0 32016.dat
1 0 -40 0 0 0 0 -1 -1 0 0 0 1 0 32016.dat
1 71 76.955 0 -15.307 0.924 0 0.383 0 1 0 -0.383 0 0.924 4519.dat
1 71 -76.955 0 -15.307 0.924 0 -0.383 0 1 0 0.383 0 0.924 4519.dat
0 STEP
1 0 -76.955 0 -15.307 0.146 0.924 0.354 0.924 0 -0.383 -0.354 0.383 -0.854 18654.dat
1 0 76.955 0 -15.307 -0.146 0.924 -0.354 0.924 0 -0.383 -0.354 -0.383 -0.854 18654.dat
0 STEP
1 0 113.91 0 -30.615 0.924 0 0.383 0 1 0 -0.383 0 0.924 32054.dat
1 0 -113.91 0 -30.615 -0.924 0 0.383 0 1 0 -0.383 0 -0.924 32054.dat
0 NOFILE 
0 FILE o.ldr
0 Author: Jaap Joris Vens
0 !LICENSE Creative Commons BY-SA
0 ROTSTEP 23 45 0 ABS
1 72 0 0 0 1 0 0 0 1 0 0 0 1 59426.dat
1 256 -47 0 0 0 0 1 0 1 0 -1 0 0 88516.dat
1 0 -47 0 0 0 0 1 0 1 0 -1 0 0 88517.dat
0 STEP
0 !LPUB ASSEM MODEL_SCALE LOCAL  1.5000
1 0 -37 20 0 -1 0 0 0 1 0 0 0 -1 2780.dat
1 0 -37 -10 -17.5 -1 0 0 0 1 0 0 0 -1 2780.dat
1 0 -37 -10 17.5 -1 0 0 0 1 0 0 0 -1 2780.dat
0 NOFILE 
0 FILE p.ldr
0 Author: Jaap Joris Vens
0 !LICENSE Creative Commons BY-SA
0 ROTSTEP -23 45 0 ABS
1 71 0 0 0 0 0 1 0 1 0 -1 0 0 4519.dat
1 0 0 0 40 -1 0 0 0 -1 0 0 0 1 32192.dat
1 0 0 28.284 68.284 0 0 1 -0.707 0.707 0 -0.707 -0.707 0 18651.dat
0 NOFILE 
0 FILE rubberbandround-1.ldr
0 Author: LDCad
0 !LICENSE Creative Commons BY-SA
0 !CATEGORY technic
0 !KEYWORDS flexible, band
0 !LDCAD CONTENT [type=path] [addFallBack=default] [looped=true] [displayKind=mm] [curveStep=0] [displayLenCor=0]
0 !LDCAD PATH_POINT [type=circle] [posOri=-15 28 0 1 0 0 0 1 0 0 0 1] [prevCPDist=nan] [nextCPDist=25] [cirR=7] [cirDir=xyCW] [prevYRoll=0] [nextYRoll=0]
0 !LDCAD PATH_POINT [type=circle] [posOri=10 -20 0 1 0 0 0 1 0 0 0 1] [prevCPDist=25] [nextCPDist=25] [cirR=7.5] [cirDir=xyCW] [prevYRoll=0] [nextYRoll=0]
0 !LDCAD PATH_SKIN [donCol=16] [donOri=1 0 0 0 1 0 0 0 1] [donPart=ldcRubberBandRndSeg.dat] [donYSize=400%] [donCen=absCen] [donCenYOfs=0] [donFinScale=fitDon2Seg] [donPlace=deform] [donYAlign=0] [donInline=false] [segSize=100%] [segSizeTol=5%] [segsCnt=0] [segsGrp=0] [segsMaxMerge=10] [segsMrgAng=0] [segsMrgRollAng=0] [segsEdgeDelKind=keepFirstLeft]
0 !LDCAD GENERATED [generator=LDCad 1.6d]
0 //This is the fallback LDraw content for above PATH configuration.
0 // Do not edit, any changes will be lost upon regeneration.
0 // The path is approx 61.51 mm (153.78) and exists out of 16 segments.
0 //Some general hints about the document.
0 UNOFFICIAL PART
0 BFC CERTIFY CCW
0 //Some of this content has been generated from other LDraw files, many thanks to all involved.
0 // Credits for "ldcRubberBandRndSeg.dat":
0 //  Author: LDCad
0 // Credits for "ldcCyli8.dat":
0 //  Author: LDCad
0 // Credits for "ldcConRing8.dat":
0 //  Author: LDCad
0 //Segments
0 // Segment 1, this block is (recursively) generated from "ldcRubberBandRndSeg.dat"
4 16 -19.560051 24.631863 1.414214 -20.585787 28 1.414214 -22 28 2 -20.875334 24.112213 2
4 16 -19.015244 24.847107 0 -20 28 0 -20.585787 28 1.414214 -19.560051 24.631863 1.414214
4 16 -19.560051 24.631863 -1.414214 -20.585787 28 -1.414214 -20 28 0 -19.015244 24.847107 0
4 16 -20.875334 24.112213 -2 -22 28 -2 -20.585787 28 -1.414214 -19.560051 24.631863 -1.414214
4 16 -22.190615 23.592566 -1.414214 -23.414213 28 -1.414214 -22 28 -2 -20.875334 24.112213 -2
4 16 -22.735422 23.377319 0 -24 28 0 -23.414213 28 -1.414214 -22.190615 23.592566 -1.414214
4 16 -22.190615 23.592566 1.414214 -23.414213 28 1.414214 -24 28 0 -22.735422 23.377319 0
4 16 -20.875334 24.112213 2 -22 28 2 -23.414213 28 1.414214 -22.190615 23.592566 1.414214
5 24 -20.875334 24.112213 2 -22 28 2 -22.190615 23.592566 1.414214 -19.560051 24.631863 1.414214
5 24 -19.560051 24.631863 1.414214 -20.585787 28 1.414214 -20.875334 24.112213 2 -19.015244 24.847107 0
5 24 -19.015244 24.847107 0 -20 28 0 -19.560051 24.631863 1.414214 -19.560051 24.631863 -1.414214
5 24 -19.560051 24.631863 -1.414214 -20.585787 28 -1.414214 -19.015244 24.847107 0 -20.875334 24.112213 -2
5 24 -20.875334 24.112213 -2 -22 28 -2 -19.560051 24.631863 -1.414214 -22.190615 23.592566 -1.414214
5 24 -22.190615 23.592566 -1.414214 -23.414213 28 -1.414214 -20.875334 24.112213 -2 -22.735422 23.377319 0
5 24 -22.735422 23.377319 0 -24 28 0 -22.190615 23.592566 -1.414214 -22.190615 23.592566 1.414214
5 24 -22.190615 23.592566 1.414214 -23.414213 28 1.414214 -22.735422 23.377319 0 -20.875334 24.112213 2
5 24 -20.875334 24.112213 2 -19.560051 24.631863 1.414214 -11.701703 6.094181 2 -22 28 2
5 24 -19.560051 24.631863 1.414214 -19.015244 24.847107 0 -10.412482 6.675481 1.414214 -20.585787 28 1.414214
5 24 -19.015244 24.847107 0 -19.560051 24.631863 -1.414214 -9.878469 6.916263 0 -20 28 0
5 24 -19.560051 24.631863 -1.414214 -20.875334 24.112213 -2 -10.412482 6.675481 -1.414214 -20.585787 28 -1.414214
5 24 -20.875334 24.112213 -2 -22.190615 23.592566 -1.414214 -11.701703 6.094181 -2 -22 28 -2
5 24 -22.190615 23.592566 -1.414214 -22.735422 23.377319 0 -12.990924 5.51288 -1.414214 -23.414213 28 -1.414214
5 24 -22.735422 23.377319 0 -22.190615 23.592566 1.414214 -13.524937 5.272098 0 -24 28 0
5 24 -22.190615 23.592566 1.414214 -20.875334 24.112213 2 -12.990924 5.51288 1.414214 -23.414213 28 1.414214
5 24 -22 28 2 -20.585787 28 1.414214 -20.875334 24.112213 2 -22.277887 28.960613 2
5 24 -20.585787 28 1.414214 -20 28 0 -19.560051 24.631863 1.414214 -20.863674 28.960613 1.414214
5 24 -20 28 0 -20.585787 28 -1.414214 -19.015244 24.847107 0 -20.277887 28.960613 0
5 24 -20.585787 28 -1.414214 -22 28 -2 -19.560051 24.631863 -1.414214 -20.863674 28.960613 -1.414214
5 24 -22 28 -2 -23.414213 28 -1.414214 -20.875334 24.112213 -2 -22.277887 28.960613 -2
5 24 -23.414213 28 -1.414214 -24 28 0 -22.190615 23.592566 -1.414214 -23.692102 28.960613 -1.414214
5 24 -24 28 0 -23.414213 28 1.414214 -22.735422 23.377319 0 -24.277887 28.960613 0
5 24 -23.414213 28 1.414214 -22 28 2 -22.190615 23.592566 1.414214 -23.692102 28.960613 1.414214
0 // Segment 2, this block is (recursively) generated from "ldcRubberBandRndSeg.dat"
4 16 -1.267801 -11.282203 1.414214 -19.560051 24.631863 1.414214 -20.875334 24.112213 2 -2.528073 -11.923853 2
4 16 -0.745779 -11.016423 0 -19.015244 24.847107 0 -19.560051 24.631863 1.414214 -1.267801 -11.282203 1.414214
4 16 -1.267801 -11.282203 -1.414214 -19.560051 24.631863 -1.414214 -19.015244 24.847107 0 -0.745779 -11.016423 0
4 16 -2.528073 -11.923853 -2 -20.875334 24.112213 -2 -19.560051 24.631863 -1.414214 -1.267801 -11.282203 -1.414214
4 16 -3.788345 -12.565503 -1.414214 -22.190615 23.592566 -1.414214 -20.875334 24.112213 -2 -2.528073 -11.923853 -2
4 16 -4.310367 -12.831283 0 -22.735422 23.377319 0 -22.190615 23.592566 -1.414214 -3.788345 -12.565503 -1.414214
4 16 -3.788345 -12.565503 1.414214 -22.190615 23.592566 1.414214 -22.735422 23.377319 0 -4.310367 -12.831283 0
4 16 -2.528073 -11.923853 2 -20.875334 24.112213 2 -22.190615 23.592566 1.414214 -3.788345 -12.565503 1.414214
5 24 -2.528073 -11.923853 2 -20.875334 24.112213 2 -3.788345 -12.565503 1.414214 -1.267801 -11.282203 1.414214
5 24 -1.267801 -11.282203 1.414214 -19.560051 24.631863 1.414214 -2.528073 -11.923853 2 -0.745779 -11.016423 0
5 24 -0.745779 -11.016423 0 -19.015244 24.847107 0 -1.267801 -11.282203 1.414214 -1.267801 -11.282203 -1.414214
5 24 -1.267801 -11.282203 -1.414214 -19.560051 24.631863 -1.414214 -0.745779 -11.016423 0 -2.528073 -11.923853 -2
5 24 -2.528073 -11.923853 -2 -20.875334 24.112213 -2 -1.267801 -11.282203 -1.414214 -3.788345 -12.565503 -1.414214
5 24 -3.788345 -12.565503 -1.414214 -22.190615 23.592566 -1.414214 -2.528073 -11.923853 -2 -4.310367 -12.831283 0
5 24 -4.310367 -12.831283 0 -22.735422 23.377319 0 -3.788345 -12.565503 -1.414214 -3.788345 -12.565503 1.414214
5 24 -3.788345 -12.565503 1.414214 -22.190615 23.592566 1.414214 -4.310367 -12.831283 0 -2.528073 -11.923853 2
5 24 -2.528073 -11.923853 2 -1.267801 -11.282203 1.414214 0.258081 -17.396082 2 -20.875332 24.112213 2
5 24 -1.267801 -11.282203 1.414214 -0.745779 -11.016423 0 1.484783 -16.692375 1.414214 -19.560051 24.631863 1.414214
5 24 -0.745779 -11.016423 0 -1.267801 -11.282203 -1.414214 1.992899 -16.40089 0 -19.015244 24.847107 0
5 24 -1.267801 -11.282203 -1.414214 -2.528073 -11.923853 -2 1.484783 -16.692375 -1.414214 -19.560051 24.631863 -1.414214
5 24 -2.528073 -11.923853 -2 -3.788345 -12.565503 -1.414214 0.258081 -17.396082 -2 -20.875332 24.112213 -2
5 24 -3.788345 -12.565503 -1.414214 -4.310367 -12.831283 0 -0.968621 -18.099789 -1.414214 -22.190615 23.592566 -1.414214
5 24 -4.310367 -12.831283 0 -3.788345 -12.565503 1.414214 -1.476738 -18.391272 0 -22.735422 23.377319 0
5 24 -3.788345 -12.565503 1.414214 -2.528073 -11.923853 2 -0.968621 -18.099789 1.414214 -22.190615 23.592566 1.414214
0 // Segment 3, this block is (recursively) generated from "ldcRubberBandRndSeg.dat"
4 16 4.234312 -22.104296 1.414214 -1.267801 -11.282203 1.414214 -2.528073 -11.923853 2 3.044233 -22.868307 2
4 16 4.727259 -21.787832 0 -0.745779 -11.016422 0 -1.267801 -11.282203 1.414214 4.234312 -22.104296 1.414214
4 16 4.234312 -22.104296 -1.414214 -1.267801 -11.282203 -1.414214 -0.745779 -11.016422 0 4.727259 -21.787832 0
4 16 3.044233 -22.868307 -2 -2.528073 -11.923853 -2 -1.267801 -11.282203 -1.414214 4.234312 -22.104296 -1.414214
4 16 1.854154 -23.632318 -1.414214 -3.788345 -12.565503 -1.414214 -2.528073 -11.923853 -2 3.044233 -22.868307 -2
4 16 1.361208 -23.948782 0 -4.310367 -12.831283 0 -3.788345 -12.565503 -1.414214 1.854154 -23.632318 -1.414214
4 16 1.854154 -23.632318 1.414214 -3.788345 -12.565503 1.414214 -4.310367 -12.831283 0 1.361208 -23.948782 0
4 16 3.044233 -22.868307 2 -2.528073 -11.923853 2 -3.788345 -12.565503 1.414214 1.854154 -23.632318 1.414214
5 24 3.044233 -22.868307 2 -2.528073 -11.923853 2 1.854154 -23.632318 1.414214 4.234312 -22.104296 1.414214
5 24 4.234312 -22.104296 1.414214 -1.267801 -11.282203 1.414214 3.044233 -22.868307 2 4.727259 -21.787832 0
5 24 4.727259 -21.787832 0 -0.745779 -11.016422 0 4.234312 -22.104296 1.414214 4.234312 -22.104296 -1.414214
5 24 4.234312 -22.104296 -1.414214 -1.267801 -11.282203 -1.414214 4.727259 -21.787832 0 3.044233 -22.868307 -2
5 24 3.044233 -22.868307 -2 -2.528073 -11.923853 -2 4.234312 -22.104296 -1.414214 1.854154 -23.632318 -1.414214
5 24 1.854154 -23.632318 -1.414214 -3.788345 -12.565503 -1.414214 3.044233 -22.868307 -2 1.361208 -23.948782 0
5 24 1.361208 -23.948782 0 -4.310367 -12.831283 0 1.854154 -23.632318 -1.414214 1.854154 -23.632318 1.414214
5 24 1.854154 -23.632318 1.414214 -3.788345 -12.565503 1.414214 1.361208 -23.948782 0 3.044233 -22.868307 2
5 24 3.044233 -22.868307 2 4.234312 -22.104296 1.414214 4.302104 -24.454382 2 -2.528073 -11.923853 2
5 24 4.234312 -22.104296 1.414214 4.727259 -21.787832 0 5.331757 -23.484941 1.414214 -1.267801 -11.282203 1.414214
5 24 4.727259 -21.787832 0 4.234312 -22.104296 -1.414214 5.758254 -23.083385 0 -0.745779 -11.016422 0
5 24 4.234312 -22.104296 -1.414214 3.044233 -22.868307 -2 5.331757 -23.484941 -1.414214 -1.267801 -11.282203 -1.414214
5 24 3.044233 -22.868307 -2 1.854154 -23.632318 -1.414214 4.302104 -24.454382 -2 -2.528073 -11.923853 -2
5 24 1.854154 -23.632318 -1.414214 1.361208 -23.948782 0 3.27245 -25.423822 -1.414214 -3.788346 -12.565502 -1.414214
5 24 1.361208 -23.948782 0 1.854154 -23.632318 1.414214 2.845953 -25.825377 0 -4.310367 -12.831283 0
5 24 1.854154 -23.632318 1.414214 3.044233 -22.868307 2 3.27245 -25.423822 1.414214 -3.788346 -12.565502 1.414214
0 // Segment 4, this block is (recursively) generated from "ldcRubberBandRndSeg.dat"
4 16 6.394227 -24.898518 1.414214 4.234313 -22.104296 1.414214 3.044233 -22.868307 2 5.559975 -26.040457 2
4 16 6.739786 -24.42551 0 4.727259 -21.787832 0 4.234313 -22.104296 1.414214 6.394227 -24.898518 1.414214
4 16 6.394227 -24.898518 -1.414214 4.234313 -22.104296 -1.414214 4.727259 -21.787832 0 6.739786 -24.42551 0
4 16 5.559975 -26.040457 -2 3.044233 -22.868307 -2 4.234313 -22.104296 -1.414214 6.394227 -24.898518 -1.414214
4 16 4.725722 -27.182394 -1.414214 1.854154 -23.632318 -1.414214 3.044233 -22.868307 -2 5.559975 -26.040457 -2
4 16 4.380164 -27.655401 0 1.361208 -23.948782 0 1.854154 -23.632318 -1.414214 4.725722 -27.182394 -1.414214
4 16 4.725722 -27.182394 1.414214 1.854154 -23.632318 1.414214 1.361208 -23.948782 0 4.380164 -27.655401 0
4 16 5.559975 -26.040457 2 3.044233 -22.868307 2 1.854154 -23.632318 1.414214 4.725722 -27.182394 1.414214
5 24 5.559975 -26.040457 2 3.044233 -22.868307 2 4.725722 -27.182394 1.414214 6.394227 -24.898518 1.414214
5 24 6.394227 -24.898518 1.414214 4.234313 -22.104296 1.414214 5.559975 -26.040457 2 6.739786 -24.42551 0
5 24 6.739786 -24.42551 0 4.727259 -21.787832 0 6.394227 -24.898518 1.414214 6.394227 -24.898518 -1.414214
5 24 6.394227 -24.898518 -1.414214 4.234313 -22.104296 -1.414214 6.739786 -24.42551 0 5.559975 -26.040457 -2
5 24 5.559975 -26.040457 -2 3.044233 -22.868307 -2 6.394227 -24.898518 -1.414214 4.725722 -27.182394 -1.414214
5 24 4.725722 -27.182394 -1.414214 1.854154 -23.632318 -1.414214 5.559975 -26.040457 -2 4.380164 -27.655401 0
5 24 4.380164 -27.655401 0 1.361208 -23.948782 0 4.725722 -27.182394 -1.414214 4.725722 -27.182394 1.414214
5 24 4.725722 -27.182394 1.414214 1.854154 -23.632318 1.414214 4.380164 -27.655401 0 5.559975 -26.040457 2
5 24 5.559975 -26.040457 2 6.394227 -24.898518 1.414214 7.451037 -26.75569 2 3.044233 -22.868307 2
5 24 6.394227 -24.898518 1.414214 6.739786 -24.42551 0 7.948783 -25.431965 1.414214 4.234313 -22.104296 1.414214
5 24 6.739786 -24.42551 0 6.394227 -24.898518 -1.414214 8.154956 -24.883659 0 4.727259 -21.787832 0
5 24 6.394227 -24.898518 -1.414214 5.559975 -26.040457 -2 7.948783 -25.431965 -1.414214 4.234313 -22.104296 -1.414214
5 24 5.559975 -26.040457 -2 4.725722 -27.182394 -1.414214 7.451037 -26.75569 -2 3.044233 -22.868307 -2
5 24 4.725722 -27.182394 -1.414214 4.380164 -27.655401 0 6.95329 -28.079416 -1.414214 1.854154 -23.632318 -1.414214
5 24 4.380164 -27.655401 0 4.725722 -27.182394 1.414214 6.747118 -28.62772 0 1.361208 -23.948782 0
5 24 4.725722 -27.182394 1.414214 5.559975 -26.040457 2 6.95329 -28.079416 1.414214 1.854154 -23.632318 1.414214
0 // Segment 5, this block is (recursively) generated from "ldcRubberBandRndSeg.dat"
4 16 9.466933 -26.062231 1.414214 6.394227 -24.898518 1.414214 5.559975 -26.040457 2 9.342099 -27.470924 2
