0 FILE main.ldr
0 Lego Technic model of a Donkervoort automobile
0 Name: main.ldr
0 Author: JJ Vens
0 Unofficial Model
0 ROTATION CENTER 0 0 0 1 "Custom" 
0 ROTATION CONFIG 0 0
1 7 10 80 140 1 0 0 0 1 0 0 0 1 differential.ldr
1 7 0 0 0 1 0 0 0 1 0 0 0 1 gearbox.ldr
1 4 90 40 -30 -1 0 0 0 1 0 0 0 -1 32054.dat
1 4 90 40 30 -1 0 0 0 1 0 0 0 -1 32054.dat
1 4 -70 40 -30 1 0 0 0 1 0 0 0 1 32054.dat
1 4 -70 40 30 1 0 0 0 1 0 0 0 1 32054.dat
1 1 90 20 -30 -1 0 0 0 1 0 0 0 -1 6558.dat
1 1 90 20 29.999 -1 0 0 0 1 0 0 0 -1 6558.dat
1 1 -70 20 -30 1 0 0 0 1 0 0 0 1 6558.dat
1 1 -70 20 30 1 0 0 0 1 0 0 0 1 6558.dat
1 1 10 0 -120 -1 0 0 0 1 0 0 0 -1 motorhouse.ldr
1 0 110 20 -90 0 1 0 1 0 0 0 0 -1 41239.dat
1 0 110 60 -90 0 1 0 1 0 0 0 0 -1 41239.dat
1 0 -90 20 -90 0 1 0 1 0 0 0 0 -1 41239.dat
1 0 -90 60 -110 0 1 0 1 0 0 0 0 -1 32278.dat
1 0 -70 60 -270 0 1 0 1 0 0 0 0 -1 32316.dat
1 0 -80 60 -230 -1 0 0 0 1 0 0 0 -1 4459.dat
1 0 -80 60 -250 -1 0 0 0 1 0 0 0 -1 4459.dat
1 0 10 80 -390 1 0 0 0 1 0 0 0 1 steering.ldr
1 0 20 80 -310 1 0 0 0 1 0 0 0 1 3707.dat
1 0 95 80 -310 0 1 0 -1 0 0 0 0 1 6632.dat
1 0 85 80 -310 0 1 0 -1 0 0 0 0 1 6632.dat
1 4 70 40 -310 -1 0 0 0 1 0 0 0 -1 32054.dat
1 4 -50 40 -310 1 0 0 0 1 0 0 0 1 32054.dat
1 7 10 -70 110 1 0 0 0 1 0 0 0 1 58123.dat
1 0 -10 -60 70 0 0 1 0 1 0 -1 0 0 4459.dat
1 0 30 -60 70 0 0 1 0 1 0 -1 0 0 4459.dat
1 0 10 -60 60 0 0 1 1 0 0 0 1 0 32523.dat
1 0 10 -100 62 1 0 0 0 0.999848 0.0174524 0 -0.0174524 0.999848 roof.ldr
1 0 110 -20 20 0 -1 0 1 0 0 0 0 1 40490.dat
1 0 100 -20 -40 1 0 0 0 1 0 0 0 1 4459.dat
1 0 120 -20 80 1 0 0 0 1 0 0 0 1 4459.dat
1 4 130 -100 80 0 -1 0 0 0 1 -1 0 0 32526.dat
1 1 110 -20 40 1 0 0 0 1 0 0 0 1 6558.dat
1 0 -90 -20 20 0 -1 0 1 0 0 0 0 1 40490.dat
1 0 -80 -20 -40 1 0 0 0 1 0 0 0 1 4459.dat
1 0 -100 -20 80 1 0 0 0 1 0 0 0 1 4459.dat
1 4 -110 -100 80 0 -1 0 0 0 1 -1 0 0 32526.dat
1 1 -90 -20 40 1 0 0 0 1 0 0 0 1 6558.dat
1 4 130 -30.5 203 0 -1 0 -0.507538 0 -0.861629 0.861629 0 -0.507538 43857.dat
1 4 -110 -30.5 203 0 -1 0 -0.507538 0 -0.861629 0.861629 0 -0.507538 43857.dat
1 0 50 -0.5 -330 0 1 0 -1 0 0 0 0 1 40490.dat
1 0 -30 -0.5 -330 0 1 0 -1 0 0 0 0 1 40490.dat
1 4 124 200 -116.5 0.978148 0 0.207912 0 1 0 -0.207912 0 0.978148 left_skirt.ldr
1 4 121.5 100 45.5 0.615661 0 -0.788011 0 1 0 0.788011 0 0.615661 32316.dat
1 4 -103 200 -116.5 0.978148 0 -0.207912 0 1 0 0.207912 0 0.978148 right_skirt.ldr
1 4 -101 100 45 0.615661 0 0.788011 0 1 0 -0.788011 0 0.615661 32316.dat
1 4 150 -20 130 1 0 0 0 1 0 0 0 1 left_wheelcase.ldr
1 4 -130 -20 130 1 0 0 0 1 0 0 0 1 right_wheelcase.ldr
1 4 10 80 -510 1 0 0 0 1 0 0 0 1 front.ldr
1 0 30 0 250 0 1 0 -1 0 0 0 0 1 4459.dat
1 7 30 10 250 0 -1 0 0 0 -1 1 0 0 32184.dat
1 7 10 10 270 0 0 1 0 1 0 -1 0 0 4519.dat
1 14 10 10 265 1 0 0 0 1 0 0 0 1 32123b.dat
1 7 10 10 283 -1 0 0 0 1 0 0 0 -1 86652.dat
1 0 10 10 300 1 0 0 0 1 0 0 0 1 32019.dat
1 0 170 80 -410 0 0 -1 0 1 0 1 0 0 32019.dat
1 7 170 80 -410 0 0 -1 0 1 0 1 0 0 86652.dat
1 0 170 80 150 0 0 -1 0 1 0 1 0 0 32019.dat
1 7 170 80 150 0 0 -1 0 1 0 1 0 0 86652.dat
1 0 -150 80 150 0 0 1 0 1 0 -1 0 0 32019.dat
1 7 -150 80 150 0 0 1 0 1 0 -1 0 0 86652.dat
1 0 -150 80 -410 0 0 1 0 1 0 -1 0 0 32019.dat
1 7 -150 80 -410 0 0 1 0 1 0 -1 0 0 86652.dat
1 7 190 80 -410 0 0 -1 0 1 0 1 0 0 3713.dat
1 7 190 80 150 0 0 -1 0 1 0 1 0 0 3713.dat
1 7 -170 80 150 0 0 1 0 1 0 -1 0 0 3713.dat
1 7 -170 80 -410 0 0 1 0 1 0 -1 0 0 3713.dat
0
0 FILE differential.ldr
0 differential with batterybox on top
0 Name: differential.ldr
0 Author: MLCad
0 Unofficial Model
0 ROTATION CENTER 0 0 0 1 "Custom" 
0 ROTATION CONFIG 0 0
1 7 0 0 10 1 0 0 0 1 0 0 0 1 64179.dat
1 8 0 0 10 0 0 1 1 0 0 0 1 0 62821.dat
1 18 -20 0 10 0 0 1 0 1 0 -1 0 0 6589.dat
1 18 20 0 10 0 0 -1 0 1 0 1 0 0 6589.dat
1 18 0 0 -7 1 0 0 0 1 0 0 0 1 6589.dat
1 0 -50 0 10 1 0 0 0 1 0 0 0 1 3705.dat
1 0 50 0 10 1 0 0 0 1 0 0 0 1 3705.dat
1 0 0 0 -60 0 0 -1 0 1 0 1 0 0 3705.dat
1 18 0 0 -30 1 0 0 0 1 0 0 0 1 32269.dat
1 8 0 0 -70 1 0 0 0 1 0 0 0 1 3647.dat
1 0 50 0 -30 -1 0 0 0 1 0 0 0 -1 4459.dat
1 0 -50 0 -30 -1 0 0 0 1 0 0 0 -1 4459.dat
1 1 -50 0 50 -1 0 0 0 1 0 0 0 -1 43093.dat
1 1 50 0 50 1 0 0 0 1 0 0 0 1 43093.dat
1 0 60 0 -110 0 -1 0 -1 0 0 0 0 -1 32009.dat
1 0 -60 0 -110 0 -1 0 -1 0 0 0 0 -1 32009.dat
1 4 90 0 10 0 0 -1 -1 0 0 0 1 0 59443.dat
1 4 -90 0 10 0 0 -1 -1 0 0 0 1 0 59443.dat
1 1 -70 0 -50 -1 0 0 0 0 -1 0 -1 0 43093.dat
1 1 70 0 -50 1 0 0 0 0 -1 0 1 0 43093.dat
1 8 -147 0 10 -1 0 0 0 0 1 0 1 0 32209.dat
1 8 147 0 10 1 0 0 0 0 1 0 -1 0 32209.dat
1 0 80 0 -50 -1 0 0 0 0 -1 0 -1 0 6536.dat
1 0 -80 0 -50 -1 0 0 0 0 -1 0 -1 0 6536.dat
1 7 120 0 10 0 1 0 0 0 -1 -1 0 0 87082.dat
1 7 -120 0 10 0 1 0 0 0 -1 -1 0 0 87082.dat
1 0 80 10 -70 0 1 0 1 0 0 0 0 -1 4459.dat
1 0 -80 10 -70 0 1 0 1 0 0 0 0 -1 4459.dat
1 4 100 0 -10 0 1 0 -1 0 0 0 0 1 42003.dat
1 4 100 0 30 0 1 0 -1 0 0 0 0 1 42003.dat
1 4 -100 0 30 0 -1 0 -1 0 0 0 0 -1 42003.dat
1 4 -100 0 -10 0 -1 0 -1 0 0 0 0 -1 42003.dat
1 7 140 0 10 0 0 -1 0 1 0 1 0 0 3713.dat
1 7 -140 0 10 0 0 1 0 1 0 -1 0 0 3713.dat
1 0 -40 10 70 0 -1 0 -1 0 0 0 0 -1 4459.dat
1 0 40 10 70 0 -1 0 -1 0 0 0 0 -1 4459.dat
1 0 40 10 30 0 -1 0 -1 0 0 0 0 -1 4459.dat
1 0 -40 10 30 0 -1 0 -1 0 0 0 0 -1 4459.dat
1 0 -40 10 -10 0 -1 0 -1 0 0 0 0 -1 4459.dat
1 0 40 10 -10 0 -1 0 -1 0 0 0 0 -1 4459.dat
1 0 40 10 -50 0 -1 0 -1 0 0 0 0 -1 4459.dat
1 0 -40 10 -50 0 -1 0 -1 0 0 0 0 -1 4459.dat
1 1 -80 10 30 0 -1 0 -1 0 0 0 0 -1 43093.dat
1 1 80 10 30 0 -1 0 -1 0 0 0 0 -1 43093.dat
1 1 80 10 -10 0 -1 0 -1 0 0 0 0 -1 43093.dat
1 1 -80 10 -10 0 -1 0 -1 0 0 0 0 -1 43093.dat
1 0 -120 20 30 0 0 1 0 -1 0 1 0 0 32526.dat
1 0 -120 20 -10 0 0 1 0 1 0 -1 0 0 32526.dat
1 0 120 20 -10 0 0 -1 0 -1 0 -1 0 0 32526.dat
1 0 120 20 30 0 0 -1 0 1 0 1 0 0 32526.dat
1 1 100 0 40 0 1 0 0 0 1 1 0 0 43093.dat
1 1 100 0 -20 0 -1 0 0 0 1 -1 0 0 43093.dat
1 1 -100 0 -20 0 -1 0 0 0 1 -1 0 0 43093.dat
1 1 -100 0 40 0 1 0 0 0 1 1 0 0 43093.dat
1 0 100 0 50 0 0 -1 0 -1 0 -1 0 0 6536.dat
1 0 100 0 -30 0 0 -1 0 -1 0 -1 0 0 6536.dat
1 0 -100 0 -30 0 0 -1 0 -1 0 -1 0 0 6536.dat
1 0 -100 0 50 0 0 -1 0 -1 0 -1 0 0 6536.dat
1 0 90 -20 50 -1 0 0 0 -1 0 0 0 1 4459.dat
1 0 90 -20 -30 -1 0 0 0 -1 0 0 0 1 4459.dat
1 0 -90 -20 -30 -1 0 0 0 -1 0 0 0 1 4459.dat
1 0 -90 -20 50 -1 0 0 0 -1 0 0 0 1 4459.dat
1 0 80 -20 -30 0 -1 0 1 0 0 0 0 1 32278.dat
1 0 -80 -20 -30 0 -1 0 1 0 0 0 0 1 32278.dat
1 0 -70 -20 -150 1 0 0 0 1 0 0 0 1 4459.dat
1 0 -90 -20 -110 1 0 0 0 1 0 0 0 1 4459.dat
1 0 70 -20 -150 1 0 0 0 1 0 0 0 1 4459.dat
1 0 90 -20 -110 1 0 0 0 1 0 0 0 1 4459.dat
1 0 90 -20 -70 1 0 0 0 1 0 0 0 1 4459.dat
1 0 90 -20 90 1 0 0 0 1 0 0 0 1 4459.dat
1 0 -90 -20 90 1 0 0 0 1 0 0 0 1 4459.dat
1 0 -90 -20 -70 1 0 0 0 1 0 0 0 1 4459.dat
1 1 -80 -20 -170 -1 0 0 0 1 0 0 0 -1 6558.dat
1 1 80 -20 -170 1 0 0 0 1 0 0 0 1 6558.dat
1 0 60 -20 110 0 1 0 1 0 0 0 0 -1 33299.dat
1 0 70 -20 110 1 0 0 0 1 0 0 0 1 3705.dat
1 0 -60 -20 110 0 -1 0 -1 0 0 0 0 -1 33299.dat
1 0 -70 -20 110 1 0 0 0 1 0 0 0 1 3705.dat
1 0 60 -80 -170 0 1 0 0 0 1 1 0 0 32140.dat
1 0 -60 -80 -170 0 1 0 0 0 1 1 0 0 32140.dat
1 0 -100 -20 110 0 1 0 -1 0 0 0 0 1 60483.dat
1 0 100 -20 110 0 1 0 -1 0 0 0 0 1 60483.dat
1 0 -30 -20 110 0 0 -1 0 1 0 1 0 0 59443.dat
1 0 0 -20 110 1 0 0 0 1 0 0 0 1 6536.dat
1 0 0 0 100 0 0 1 0 1 0 -1 0 0 4459.dat
1 0 -20 0 80 0 0 1 0 1 0 -1 0 0 4459.dat
1 0 20 0 80 0 0 1 0 1 0 -1 0 0 4459.dat
1 0 30 -20 110 0 0 -1 0 1 0 1 0 0 59443.dat
1 0 0 0 90 0 0 1 1 0 0 0 1 0 32523.dat
1 7 0 -20 110 1 0 0 0 1 0 0 0 1 4519.dat
1 0 100 -20 90 1 0 0 0 0 1 0 -1 0 32013.dat
1 0 100 -20 -70 1 0 0 0 0 1 0 -1 0 32013.dat
1 4 100 -50 90 0 0 -1 -1 0 0 0 1 0 3704.dat
1 4 100 -50 -70 0 0 -1 -1 0 0 0 1 0 3704.dat
1 0 100 -80 -70 -1 0 0 0 0 -1 0 -1 0 32014.dat
1 4 100 -80 -20 0 -1 0 0 0 -1 1 0 0 3704.dat
1 4 100 -80 0 0 -1 0 0 0 -1 1 0 0 3704.dat
1 4 100 -80 60 0 -1 0 0 0 -1 1 0 0 3704.dat
1 0 100 -80 30 0 1 0 1 0 0 0 0 -1 32034.dat
1 0 100 -80 90 -1 0 0 0 -1 0 0 0 1 32014.dat
1 0 100 -80 -20 -1 0 0 0 1 0 0 0 -1 59443.dat
1 0 -100 -20 90 1 0 0 0 0 1 0 -1 0 32013.dat
1 0 -100 -20 -70 1 0 0 0 0 1 0 -1 0 32013.dat
1 4 -100 -50 90 0 0 -1 -1 0 0 0 1 0 3704.dat
1 4 -100 -50 -70 0 0 -1 -1 0 0 0 1 0 3704.dat
1 0 -100 -80 -70 -1 0 0 0 0 -1 0 -1 0 32014.dat
1 4 -100 -80 -20 0 -1 0 0 0 -1 1 0 0 3704.dat
1 4 -100 -80 0 0 -1 0 0 0 -1 1 0 0 3704.dat
1 4 -100 -80 60 0 -1 0 0 0 -1 1 0 0 3704.dat
1 0 -100 -80 30 0 1 0 1 0 0 0 0 -1 32034.dat
1 0 -100 -80 90 -1 0 0 0 -1 0 0 0 1 32014.dat
1 0 110 -20 130 1 0 0 0 1 0 0 0 1 4459.dat
1 0 -110 -20 130 1 0 0 0 1 0 0 0 1 4459.dat
1 0 -100 -80 -20 -1 0 0 0 1 0 0 0 -1 59443.dat
1 7 0 -80 30 1 0 0 0 0 1 0 -1 0 58119.dat
1 4 100 -100 30 0 -1 0 1 0 0 0 0 1 32054.dat
1 4 -100 -100 30 0 -1 0 1 0 0 0 0 1 32054.dat
1 0 110 -100 70 1 0 0 0 1 0 0 0 1 4459.dat
1 0 -110 -100 70 1 0 0 0 1 0 0 0 1 4459.dat
0
0 FILE gearbox.ldr
0 gearbox with 4-speed transmission
0 Name: gearbox.ldr
0 Author: MLCad
0 Unofficial Model
0 ROTATION CENTER 0 0 0 1 "Custom" 
0 ROTATION CONFIG 0 0
1 0 10 0 50 0 0 -1 -1 0 0 0 1 0 40490.dat
1 0 -10 20 50 1 0 0 0 0 1 0 -1 0 32140.dat
1 0 70 0 60 0 0 -1 0 -1 0 -1 0 0 4459.dat
1 1 -10 20 60 0 -1 0 0 0 1 -1 0 0 43093.dat
1 0 10 0 60 0 0 -1 0 -1 0 -1 0 0 4459.dat
1 0 70 0 70 0 0 -1 1 0 0 0 -1 0 32526.dat
1 7 -10 0 50 0 0 1 0 1 0 -1 0 0 32073.dat
1 7 30 0 50 0 0 1 0 1 0 -1 0 0 32073.dat
1 8 30 0 30 -1 0 0 0 1 0 0 0 -1 6542b.dat
1 8 -10 0 30 -1 0 0 0 1 0 0 0 -1 6542b.dat
1 18 30 0 0 1 0 0 0 1 0 0 0 1 6538b.dat
1 18 -10 0 0 1 0 0 0 1 0 0 0 1 6538b.dat
1 8 30 0 90 1 0 0 0 1 0 0 0 1 3648b.dat
1 8 -10 0 90 1 0 0 0 1 0 0 0 1 3647.dat
1 0 90 0 -30 0 0 -1 0 -1 0 -1 0 0 3708.dat
1 14 90 0 65 -1 0 0 0 -1 0 0 0 1 32123b.dat
1 0 90 0 80 0 0 1 0 -1 0 1 0 0 6536.dat
1 0 -70 0 -30 0 0 -1 0 -1 0 -1 0 0 3708.dat
1 14 -70 0 65 -1 0 0 0 -1 0 0 0 1 32123b.dat
1 0 -70 0 80 0 0 1 0 -1 0 1 0 0 6536.dat
1 8 -70 20 30 0 0 1 0 1 0 -1 0 0 42003.dat
1 8 90 20 30 0 0 1 0 1 0 -1 0 0 42003.dat
1 7 -10 0 -70 0 0 1 0 -1 0 1 0 0 44294.dat
1 7 30 0 -30 0 0 1 0 -1 0 1 0 0 4519.dat
1 0 90 0 15 -1 0 0 0 0 1 0 1 0 6632.dat
1 0 -70 0 15 -1 0 0 0 0 1 0 1 0 6632.dat
1 4 90 40 0 0 1 0 0 0 1 1 0 0 3704.dat
1 4 -70 40 0 0 1 0 0 0 1 1 0 0 3704.dat
1 7 -10 40 -10 0 1 0 0 0 1 1 0 0 60485.dat
1 14 -10 40 15 -1 0 0 0 -1 0 0 0 1 32123b.dat
1 7 -10 40 30 -1 0 0 0 -1 0 0 0 1 94925.dat
1 7 -10 80 50 0 0 1 0 -1 0 1 0 0 32073.dat
1 7 -10 80 30 1 0 0 0 -1 0 0 0 -1 3713.dat
1 8 -10 80 70 1 0 0 0 1 0 0 0 1 3647.dat
1 0 10 40 0 0 0 -1 -1 0 0 0 1 0 40490.dat
1 0 90 0 0 0 -1 0 0 0 -1 1 0 0 6536.dat
1 0 -70 0 0 0 1 0 0 0 -1 -1 0 0 6536.dat
1 0 90 0 -15 -1 0 0 0 0 1 0 1 0 6632.dat
1 0 -70 0 -15 -1 0 0 0 0 1 0 1 0 6632.dat
1 14 -10 40 -15 -1 0 0 0 -1 0 0 0 1 32123b.dat
1 7 -10 80 0 -1 0 0 0 -1 0 0 0 1 59443.dat
1 4 -10 0 0 1 0 0 0 1 0 0 0 1 6539.dat
1 4 30 0 0 1 0 0 0 1 0 0 0 1 6539.dat
1 0 -10 80 -60 0 0 1 0 1 0 -1 0 0 3706.dat
1 7 -10 80 -30 -1 0 0 0 -1 0 0 0 1 94925.dat
1 8 -10 0 -30 1 0 0 0 1 0 0 0 1 6542b.dat
1 8 30 0 -30 1 0 0 0 1 0 0 0 1 6542b.dat
1 8 -10 40 -30 1 0 0 0 1 0 0 0 1 6542b.dat
1 8 -70 20 -30 0 0 1 0 1 0 -1 0 0 42003.dat
1 8 90 20 -30 0 0 1 0 1 0 -1 0 0 42003.dat
1 0 -10 60 -60 0 0 -1 0 -1 0 -1 0 0 4459.dat
1 0 10 0 -50 0 0 -1 -1 0 0 0 1 0 40490.dat
1 0 -10 60 -50 1 0 0 0 0 1 0 -1 0 32523.dat
1 14 90 0 -65 -1 0 0 0 -1 0 0 0 1 32123b.dat
1 14 -70 0 -65 -1 0 0 0 -1 0 0 0 1 32123b.dat
1 0 -10 80 -70 1 0 0 0 0 -1 0 1 0 32526.dat
1 0 -70 0 -80 0 0 1 0 -1 0 1 0 0 6536.dat
1 0 90 0 -80 0 0 1 0 -1 0 1 0 0 6536.dat
1 0 -10 40 -90 1 0 0 0 -1 0 0 0 -1 32270.dat
1 18 -10 80 -90 1 0 0 0 -1 0 0 0 -1 32269.dat
1 8 -10 0 -90 1 0 0 0 -1 0 0 0 -1 3647.dat
1 14 90 0 -95 -1 0 0 0 -1 0 0 0 1 32123b.dat
1 14 -70 0 -95 -1 0 0 0 -1 0 0 0 1 32123b.dat
1 1 80 -20 80 -1 0 0 0 0 -1 0 -1 0 43093.dat
1 1 80 -20 -80 -1 0 0 0 0 -1 0 -1 0 43093.dat
1 1 -60 -20 -80 1 0 0 0 0 -1 0 1 0 43093.dat
1 1 -60 -20 80 1 0 0 0 0 -1 0 1 0 43093.dat
1 0 -50 -20 80 0 -1 0 -1 0 0 0 0 -1 32140.dat
1 0 70 -20 80 0 -1 0 -1 0 0 0 0 -1 32140.dat
1 0 70 -20 -80 0 1 0 -1 0 0 0 0 1 32140.dat
1 0 -50 -20 -80 0 1 0 -1 0 0 0 0 1 32140.dat
1 0 -70 -20 0 0 -1 0 1 0 0 0 0 1 32524.dat
1 0 90 -20 0 0 -1 0 1 0 0 0 0 1 32524.dat
1 0 80 -20 20 1 0 0 0 0 -1 0 1 0 4459.dat
1 0 80 -20 60 1 0 0 0 0 -1 0 1 0 4459.dat
1 0 80 -20 -20 1 0 0 0 0 -1 0 1 0 4459.dat
1 0 80 -20 -60 1 0 0 0 0 -1 0 1 0 4459.dat
1 0 -60 -20 -20 1 0 0 0 0 -1 0 1 0 4459.dat
1 0 -60 -20 -60 1 0 0 0 0 -1 0 1 0 4459.dat
1 0 -60 -20 20 1 0 0 0 0 -1 0 1 0 4459.dat
1 0 -60 -20 60 1 0 0 0 0 -1 0 1 0 4459.dat
1 0 90 -40 0 1 0 0 0 0 -1 0 1 0 32184.dat
1 0 -70 -40 0 1 0 0 0 0 -1 0 1 0 32184.dat
1 0 10 -40 0 1 0 0 0 1 0 0 0 1 gearstick.ldr
0
0 FILE motorhouse.ldr
0 motor housing
0 Name: motorhouse.ldr
0 Author: MLCad
0 Unofficial Model
0 ROTATION CENTER 0 0 0 1 "Custom" 
0 ROTATION CONFIG 0 0
1 7 0 0 0 1 0 0 0 1 0 0 0 1 58121.dat
1 4 0 -40 -10 0 0 -1 0 -1 0 -1 0 0 32034.dat
1 4 30 -40 -10 -1 0 0 0 -1 0 0 0 1 3704.dat
1 4 -30 -40 -10 -1 0 0 0 -1 0 0 0 1 3704.dat
1 0 0 -40 1 0 0 -1 0 -1 0 -1 0 0 4459.dat
1 0 0 40 1 0 0 -1 0 -1 0 -1 0 0 4459.dat
1 1 50 0 10 1 0 0 0 -1 0 0 0 -1 43093.dat
1 1 0 20 0 0 0 -1 0 -1 0 -1 0 0 43093.dat
1 1 -50 0 10 -1 0 0 0 -1 0 0 0 1 43093.dat
1 0 -60 0 10 0 0 1 0 -1 0 1 0 0 32039.dat
1 0 60 0 10 0 0 -1 0 -1 0 -1 0 0 32039.dat
1 4 -60 -40 -10 0 0 -1 0 -1 0 -1 0 0 32034.dat
1 4 60 -40 -10 0 0 -1 0 -1 0 -1 0 0 32034.dat
1 1 60 -40 -20 0 0 1 0 1 0 -1 0 0 43093.dat
1 1 -60 -40 -20 0 0 1 0 1 0 -1 0 0 43093.dat
1 1 -90 -40 -10 1 0 0 0 1 0 0 0 1 43093.dat
1 1 90 -40 -10 -1 0 0 0 1 0 0 0 -1 43093.dat
1 0 0 0 -10 0 0 1 1 0 0 0 1 0 40490.dat
1 0 -20 0 -10 0 0 1 0 -1 0 1 0 0 32054.dat
1 7 0 0 -30 0 0 1 0 -1 0 1 0 0 32073.dat
1 1 -60 0 -20 0 0 -1 0 -1 0 -1 0 0 43093.dat
1 1 60 0 -20 0 0 -1 0 -1 0 -1 0 0 43093.dat
1 1 -20 0 -40 0 0 -1 0 1 0 1 0 0 43093.dat
1 0 -60 0 -25 1 0 0 0 0 -1 0 1 0 6632.dat
1 0 60 0 -25 1 0 0 0 0 -1 0 1 0 6632.dat
1 0 0 20 -10 1 0 0 0 0 1 0 -1 0 32140.dat
1 7 0 0 -30 1 0 0 0 1 0 0 0 1 3647.dat
1 7 60 0 190 1 0 0 0 1 0 0 0 1 motorhouse_right.ldr
1 7 -100 0 150 1 0 0 0 1 0 0 0 1 motorhouse_left.ldr
1 7 -60 60 40 1 0 0 0 -1 0 0 0 -1 58120.dat
0
0 FILE motorhouse_right.ldr
0 right side of motor housing
0 Name: motorhouse_right.ldr
0 Author: MLCad
0 Unofficial Model
0 ROTATION CENTER 0 0 0 1 "Custom" 
0 ROTATION CONFIG 0 0
1 0 0 0 0 0 -1 0 1 0 0 0 0 1 32009.dat
1 0 10 0 -140 -1 0 0 0 -1 0 0 0 1 4459.dat
1 0 10 0 -100 -1 0 0 0 -1 0 0 0 1 4459.dat
1 0 -10 0 -40 -1 0 0 0 -1 0 0 0 1 4459.dat
1 0 -10 0 -60 -1 0 0 0 -1 0 0 0 1 4459.dat
1 1 0 0 -80 -1 0 0 0 -1 0 0 0 1 6558.dat
1 0 10 60 0 -1 0 0 0 -1 0 0 0 1 4459.dat
1 1 10 0 -120 1 0 0 0 -1 0 0 0 -1 43093.dat
1 1 20 20 -120 1 0 0 0 -1 0 0 0 -1 6558.dat
1 8 0 40 -120 0 0 1 0 -1 0 1 0 0 42003.dat
1 0 10 40 -120 -1 0 0 0 -1 0 0 0 1 4459.dat
1 1 0 60 -110 0 0 -1 0 -1 0 -1 0 0 43093.dat
1 0 20 0 -140 -1 0 0 0 -1 0 0 0 1 32013.dat
1 0 20 0 -120 0 -1 0 0 0 1 -1 0 0 32140.dat
1 0 20 60 -100 0 -1 0 0 0 -1 1 0 0 32140.dat
1 0 30 60 -140 -1 0 0 0 -1 0 0 0 1 4459.dat
1 0 30 60 -120 -1 0 0 0 -1 0 0 0 1 4459.dat
1 0 30 20 -100 -1 0 0 0 -1 0 0 0 1 4459.dat
1 1 30 60 -100 -1 0 0 0 -1 0 0 0 1 43093.dat
0
0 FILE motorhouse_left.ldr
0 left side of motor housing (includes underside)
0 Name: motorhouse_left.ldr
0 Author: JJ Vens
0 Unofficial Model
0 ROTATION CENTER 0 0 0 1 "Custom" 
0 ROTATION CONFIG 0 0
1 0 40 0 40 0 -1 0 1 0 0 0 0 1 32009.dat
1 1 40 0 0 1 0 0 0 1 0 0 0 1 6558.dat
1 1 40 0 -20 1 0 0 0 1 0 0 0 1 6558.dat
1 1 40 0 -40 1 0 0 0 1 0 0 0 1 6558.dat
1 0 30 0 -59.999 1 0 0 0 1 0 0 0 1 4459.dat
1 0 30 0 -100 1 0 0 0 1 0 0 0 1 4459.dat
1 1 29.999 0 -80 -1 0 0 0 0 1 0 1 0 43093.dat
1 0 19.999 0 -80 0 -1 0 0 0 1 -1 0 0 32140.dat
1 0 19.999 60 -60 0 -1 0 0 0 -1 1 0 0 32140.dat
1 0 20 60 0 0 1 0 0 0 -1 -1 0 0 32140.dat
1 0 20 0 -100 -1 0 0 0 -1 0 0 0 1 32013.dat
1 0 10 20 -59.999 1 0 0 0 1 0 0 0 1 4459.dat
1 0 10 20 -79.999 1 0 0 0 1 0 0 0 1 4459.dat
1 0 10 60 -79.999 1 0 0 0 1 0 0 0 1 4459.dat
1 0 10 60 -99.999 1 0 0 0 1 0 0 0 1 4459.dat
1 1 9.999 60 -60 1 0 0 0 0 1 0 -1 0 43093.dat
1 0 30 40 -59.999 1 0 0 0 1 0 0 0 1 4459.dat
1 1 29.999 40 0 1 0 0 0 0 1 0 -1 0 43093.dat
1 0 40 20 -60 0 0 1 0 1 0 -1 0 0 6536.dat
1 1 39.999 20 -70 0 1 0 0 0 1 1 0 0 43093.dat
1 0 39.999 60 0 1 0 0 0 -1 0 0 0 -1 32184.dat
1 4 30 80 0 1 0 0 0 -1 0 0 0 -1 3704.dat
1 4 80 60 -100 1 0 0 0 1 0 0 0 1 motor_underside.ldr
0
0 FILE motor_underside.ldr
0 underside of motor housing (part of left side)
0 Name: motor_underside.ldr
0 Author: JJ Vens
0 Unofficial Model
0 ROTATION CENTER 0 0 0 1 "Custom" 
0 ROTATION CONFIG 0 0
1 1 -20 0 0 0 0 1 0 1 0 -1 0 0 6558.dat
1 1 -40 -20 0 0 0 1 0 1 0 -1 0 0 6558.dat
1 0 -40 20 -10 0 0 1 0 1 0 -1 0 0 4459.dat
1 0 0 0 0 0 0 -1 1 0 0 0 -1 0 60484.dat
1 0 40 0 20 0 0 -1 -1 0 0 0 1 0 32526.dat
1 0 40 0 30 0 0 1 0 1 0 -1 0 0 4459.dat
1 7 -40 0 40 0 0 1 0 1 0 -1 0 0 44294.dat
1 1 0 0 20 0 0 -1 0 1 0 1 0 0 6558.dat
1 8 20 0 70 0 0 1 0 1 0 -1 0 0 87083.dat
1 0 20 0 40 0 0 -1 -1 0 0 0 1 0 32524.dat
1 14 20 0 55 1 0 0 0 1 0 0 0 1 32123b.dat
1 14 -40 0 55 1 0 0 0 1 0 0 0 1 32123b.dat
1 8 20 0 70 1 0 0 0 1 0 0 0 1 3648b.dat
1 8 -40 0 70 1 0 0 0 1 0 0 0 1 3648b.dat
1 14 20 0 85 1 0 0 0 1 0 0 0 1 32123b.dat
1 14 -40 0 85 1 0 0 0 1 0 0 0 1 32123b.dat
1 7 20 0 110 1 0 0 0 1 0 0 0 1 59443.dat
0
0 FILE gearstick.ldr
0 gearstick
0 Name: gearstick.ldr
0 Author: JJ Vens
0 Unofficial Model
0 ROTATION CENTER 0 0 0 1 "Custom" 
0 ROTATION CONFIG 0 0
1 1 40 -10 -20 0 0 1 1 0 0 0 1 0 43093.dat
1 1 40 -10 20 0 0 1 1 0 0 0 1 0 43093.dat
1 1 -40 -10 20 0 0 1 1 0 0 0 1 0 43093.dat
1 1 -40 -10 -20 0 0 1 1 0 0 0 1 0 43093.dat
1 0 40 0 0 0 0 1 1 0 0 0 1 0 32184.dat
1 0 -40 0 0 0 0 1 1 0 0 0 1 0 32184.dat
1 0 0 0 40 0 0 1 0 1 0 -1 0 0 32524.dat
1 0 0 0 -40.001 0 0 1 0 1 0 -1 0 0 32524.dat
1 1 -40 -10 -40 0 0 1 -1 0 0 0 -1 0 43093.dat
1 1 -20 -10 -40 0 0 1 -1 0 0 0 -1 0 43093.dat
1 1 20 -10 -40 0 0 1 -1 0 0 0 -1 0 43093.dat
1 1 40 -10 -40 0 0 1 -1 0 0 0 -1 0 43093.dat
1 1 -40 -10 40 0 0 1 -1 0 0 0 -1 0 43093.dat
1 1 -20 -10 40 0 0 1 -1 0 0 0 -1 0 43093.dat
1 1 20 -10 40 0 0 1 -1 0 0 0 -1 0 43093.dat
1 1 40 -10 40 0 0 1 -1 0 0 0 -1 0 43093.dat
1 0 40 -15 0 0 0 1 0 1 0 -1 0 0 99773.dat
1 0 -40 -15 0 0 0 -1 0 1 0 1 0 0 99773.dat
1 4 0 -20 0 1 0 0 0 0 -1 0 1 0 6641.dat
1 7 0 0 0 1 0 0 0 0 -1 0 1 0 44294.dat
1 0 40 -25 0 0 0 1 0 1 0 -1 0 0 99773.dat
1 0 -40 -25 0 0 0 -1 0 1 0 1 0 0 99773.dat
1 4 0 -30 0 0 0 -1 -1 0 0 0 1 0 3704.dat
1 0 80 -10 0 0 0 -1 -1 0 0 0 1 0 4459.dat
1 0 -80 -10 0 0 0 -1 -1 0 0 0 1 0 4459.dat
1 4 0 -70 0 0 0 -1 -1 0 0 0 1 0 3704.dat
1 4 0 -50 0 0 -1 0 0 0 -1 1 0 0 59443.dat
1 0 0 -20 -40 0 -1 0 -1 0 0 0 0 -1 32184.dat
1 0 0 -20 40 0 -1 0 -1 0 0 0 0 -1 32184.dat
1 0 0 -20 -30 0 -1 0 0 0 1 -1 0 0 4459.dat
1 14 0 -75 0 0 -1 0 0 0 1 -1 0 0 32123b.dat
1 14 0 -85 0 0 -1 0 0 0 1 -1 0 0 32123b.dat
1 1 0 -20 40 0 -1 0 0 0 1 -1 0 0 6558.dat
0
0 FILE steering.ldr
0 steering unit
0 Name: steering.ldr
0 Author: JJ Vens
0 Unofficial Model
0 ROTATION CENTER 0 0 0 1 "Custom" 
0 ROTATION CONFIG 0 0
1 7 0 0 0 0 0 1 1 0 0 0 1 0 48989.dat
1 0 20 0 0 0 1 0 1 0 0 0 0 -1 32524.dat
1 0 -20 0 0 0 1 0 1 0 0 0 0 -1 32524.dat
1 7 40 0 -20 0 0 1 1 0 0 0 1 0 48989.dat
1 7 -40 0 -20 0 0 1 1 0 0 0 1 0 48989.dat
1 1 40 0 -40 0 0 -1 -1 0 0 0 1 0 6558.dat
1 1 -40 0 -40 0 0 -1 -1 0 0 0 1 0 6558.dat
1 0 40 10 0 0 0 -1 -1 0 0 0 1 0 4459.dat
1 0 -40 10 0 0 0 -1 -1 0 0 0 1 0 4459.dat
1 0 -30 0 40 1 0 0 0 1 0 0 0 1 4459.dat
1 0 -30 0 60 1 0 0 0 1 0 0 0 1 4459.dat
1 0 30 0 60 1 0 0 0 1 0 0 0 1 4459.dat
1 0 30 0 40 1 0 0 0 1 0 0 0 1 4459.dat
1 0 -50 0 -20 -1 0 0 0 0 1 0 1 0 4459.dat
1 0 50 0 -20 -1 0 0 0 0 1 0 1 0 4459.dat
1 0 120 20 -40 0 0 -1 0 1 0 1 0 0 32526.dat
1 0 -40 0 80 0 -1 0 -1 0 0 0 0 -1 32140.dat
1 1 -30 -20 20 1 0 0 0 0 -1 0 1 0 43093.dat
1 0 -120 20 -40 0 0 1 0 -1 0 1 0 0 32526.dat
1 0 100 20 0 1 0 0 0 1 0 0 0 1 left_wheel.ldr
1 0 -120 20 0 1 0 0 0 1 0 0 0 1 right_wheel.ldr
1 0 0 -20 -40 0 0 1 0 1 0 -1 0 0 41239.dat
1 0 0 -20 0 -1 0 0 0 1 0 0 0 -1 64781.dat
1 0 -40 -40 20 0 1 0 1 0 0 0 0 -1 32526.dat
1 1 -40 0 -60 1 0 0 0 0 -1 0 1 0 6558.dat
1 1 -60 -20 -60 -1 0 0 0 0 -1 0 -1 0 6558.dat
1 0 -30 -40 20 -1 0 0 0 0 1 0 1 0 4459.dat
1 1 -30 -40 -20 1 0 0 0 0 -1 0 1 0 43093.dat
1 0 -60 0 -20 0 1 0 1 0 0 0 0 -1 60484.dat
1 0 -70 20 -60 -1 0 0 0 0 1 0 1 0 4459.dat
1 0 -25 -60 20 0 1 0 0 0 1 1 0 0 32056.dat
1 1 -30 -60 40 -1 0 0 0 0 1 0 1 0 43093.dat
1 1 -30 -60 60 1 0 0 0 0 1 0 -1 0 43093.dat
1 0 -15 -60 20 0 1 0 0 0 1 1 0 0 32056.dat
1 0 -35 -60 80 0 1 0 1 0 0 0 0 -1 32056.dat
1 0 -45 -60 80 0 1 0 1 0 0 0 0 -1 32056.dat
1 7 0 -40 40 0 1 0 0 0 -1 -1 0 0 44294.dat
1 7 0 -20 60 0 1 0 0 0 -1 -1 0 0 32073.dat
1 0 0 -40 -19.999 0 0 -1 0 -1 0 -1 0 0 32034.dat
1 0 0 -40 0 -1 0 0 0 -1 0 0 0 1 32270.dat
1 8 0 -40 20 1 0 0 0 1 0 0 0 1 42003.dat
1 14 0 -40 34.999 1 0 0 0 1 0 0 0 1 32123b.dat
1 14 0 -19.999 35 1 0 0 0 1 0 0 0 1 32123b.dat
1 8 0 -40 50 1 0 0 0 1 0 0 0 1 3647.dat
1 8 0 -20 50 1 0 0 0 1 0 0 0 1 3647.dat
1 14 0 -40 65 1 0 0 0 1 0 0 0 1 32123b.dat
1 14 0 -20 65 1 0 0 0 1 0 0 0 1 32123b.dat
1 8 0 -20 80 -1 0 0 0 -1 0 0 0 1 42003.dat
1 0 0 -40 99.999 1 0 0 0 0 -1 0 1 0 60483.dat
1 7 0 -60 19.999 1 0 0 0 0 -1 0 1 0 4519.dat
1 0 15 -60 20 0 1 0 0 0 1 1 0 0 32056.dat
1 0 25 -60 20 0 1 0 0 0 1 1 0 0 32056.dat
1 1 30 -20 20 -1 0 0 0 0 1 0 1 0 43093.dat
1 1 30 -60 60 -1 0 0 0 0 1 0 1 0 43093.dat
1 1 30 -60 40 1 0 0 0 0 1 0 -1 0 43093.dat
1 1 30 -40 -20 -1 0 0 0 0 1 0 1 0 43093.dat
1 0 30 -40 20 1 0 0 0 1 0 0 0 1 4459.dat
1 0 35 -60 80 0 1 0 1 0 0 0 0 -1 32056.dat
1 0 45 -60 80 0 1 0 1 0 0 0 0 -1 32056.dat
1 0 40 0 80 0 -1 0 -1 0 0 0 0 -1 32140.dat
1 0 40 -40 20 0 1 0 1 0 0 0 0 -1 32526.dat
1 1 40 0 -60 -1 0 0 0 0 -1 0 -1 0 6558.dat
1 1 60 -20 -60 1 0 0 0 0 -1 0 1 0 6558.dat
1 0 70 20 -60 -1 0 0 0 0 1 0 1 0 4459.dat
1 0 60 0 -20 0 1 0 1 0 0 0 0 -1 60484.dat
1 1 60 -30 -40 0 1 0 -1 0 0 0 0 1 43093.dat
1 1 -60 -30 -40 0 1 0 -1 0 0 0 0 1 43093.dat
1 1 -60 30 -40 0 1 0 1 0 0 0 0 -1 43093.dat
1 1 60 30 -40 0 1 0 1 0 0 0 0 -1 43093.dat
1 0 60 -40 -40 0 0 -1 1 0 0 0 -1 0 6536.dat
1 0 -60 -40 -40 0 0 -1 1 0 0 0 -1 0 6536.dat
1 0 -60 40 -40 0 0 -1 1 0 0 0 -1 0 6536.dat
1 0 60 40 -40 0 0 -1 1 0 0 0 -1 0 6536.dat
1 1 60 -40 -60 -1 0 0 0 -1 0 0 0 1 6558.dat
1 1 -60 -40 -60 1 0 0 0 -1 0 0 0 -1 6558.dat
1 1 -60 40 -60 1 0 0 0 1 0 0 0 1 6558.dat
1 1 60 40 -60 -1 0 0 0 1 0 0 0 -1 6558.dat
1 0 80 0 -60 0 -1 0 0 0 -1 1 0 0 32316.dat
1 0 -80 0 -60 0 -1 0 0 0 -1 1 0 0 32316.dat
1 0 120 -40 -20 1 0 0 0 -1 0 0 0 -1 32523.dat
1 0 -120 -40 -20 1 0 0 0 -1 0 0 0 -1 32523.dat
1 0 120 -60 0 0 -1 0 0 0 1 -1 0 0 32039.dat
1 0 120 -60 -40 0 -1 0 0 0 1 -1 0 0 32039.dat
1 0 -120 -60 -40 0 -1 0 0 0 1 -1 0 0 32039.dat
1 0 -120 -60 0 0 -1 0 0 0 1 -1 0 0 32039.dat
1 7 120 -80 -20 0 -1 0 0 0 1 -1 0 0 4519.dat
1 7 -120 -80 -20 0 -1 0 0 0 1 -1 0 0 4519.dat
1 8 -120 -80 -20 0 0 -1 0 -1 0 -1 0 0 32291.dat
1 8 120 -80 -20 0 0 -1 0 -1 0 -1 0 0 32291.dat
1 0 130 -100 -10 -1 0 0 0 -1 0 0 0 1 4459.dat
1 0 130 -100 -30 -1 0 0 0 -1 0 0 0 1 4459.dat
1 0 -130 -100 -30 -1 0 0 0 -1 0 0 0 1 4459.dat
1 0 -130 -100 -10 -1 0 0 0 -1 0 0 0 1 4459.dat
1 0 140 -100 30 0 1 0 1 0 0 0 0 -1 6629.dat
1 0 -140 -100 30 0 1 0 1 0 0 0 0 -1 6629.dat
1 0 150 -100 10 -1 0 0 0 -1 0 0 0 1 4459.dat
1 0 -150 -100 10 -1 0 0 0 -1 0 0 0 1 4459.dat
1 0 150 -68 -94 -1 0 0 0 -1 0 0 0 1 4459.dat
1 0 -150 -68 -94 -1 0 0 0 -1 0 0 0 1 4459.dat
1 0 160 -100 30 0 1 0 1 0 0 0 0 -1 6629.dat
1 0 -160 -100 30 0 1 0 1 0 0 0 0 -1 6629.dat
1 1 170 -100 30 -1 0 0 0 1 0 0 0 -1 43093.dat
1 1 -170 -100 30 1 0 0 0 1 0 0 0 1 43093.dat
1 1 170 -100 -70 1 0 0 0 1 0 0 0 1 43093.dat
1 1 -170 -100 -70 -1 0 0 0 1 0 0 0 -1 43093.dat
1 1 170 -52 -106 -1 0 0 0 -0.707107 0.707107 0 0.707107 0.707107 43093.dat
1 1 -171 -52 -106 1 0 0 0 -0.707107 0.707107 0 -0.707107 -0.707107 43093.dat
1 0 170 -84 -82.4264 1 0 0 0 -0.707107 0.707107 0 -0.707107 -0.707107 4459.dat
1 0 -170 -84 -82.4264 1 0 0 0 -0.707107 0.707107 0 -0.707107 -0.707107 4459.dat
1 0 180 -100 -70 0 -1 0 1 0 0 0 0 1 6629.dat
1 0 -180 -100 -70 0 -1 0 1 0 0 0 0 1 6629.dat
1 0 180 -68 -94 0 -1 0 -0.594823 0 0.803857 -0.803857 0 -0.594823 32523.dat
1 0 -180 -68 -94 0 -1 0 -0.594823 0 0.803857 -0.803857 0 -0.594823 32523.dat
1 0 -20 20 100 1 0 0 0 1 0 0 0 1 return-to-center.ldr
0
0 FILE left_wheel.ldr
0 front left wheel holder
0 Name: left_wheel.ldr
0 Author: JJ Vens
0 Unofficial Model
0 ROTATION CENTER 0 0 0 1 "Custom" 
0 ROTATION CONFIG 0 0
1 4 20 5 0 0 0 -1 0 -1 0 -1 0 0 41677.dat
1 4 0 -10 0 0 0 1 1 0 0 0 1 0 3704.dat
1 4 20 -5 0 0 0 -1 0 -1 0 -1 0 0 41677.dat
1 4 0 -20 0 0 0 1 -1 0 0 0 -1 0 6536.dat
1 8 45 -20 -20 1 0 0 0 0 1 0 -1 0 32209.dat
1 0 20 -20 -20 0 0 -1 1 0 0 0 -1 0 32184.dat
1 7 20 -40 0 0 0 -1 1 0 0 0 -1 0 32073.dat
1 7 20 -40 -40 0 0 -1 1 0 0 0 -1 0 32073.dat
1 7 40 -20 -20 0 0 -1 0 1 0 1 0 0 3713.dat
0
0 FILE right_wheel.ldr
0 front right wheel holder
0 Name: right_wheel.ldr
0 Author: JJ Vens
0 Unofficial Model
0 ROTATION CENTER 0 0 0 1 "Custom" 
0 ROTATION CONFIG 0 0
1 4 0 5 0 0 0 1 0 1 0 -1 0 0 41677.dat
1 4 0 -5 0 0 0 1 0 1 0 -1 0 0 41677.dat
1 4 20 -20 0 0 0 -1 1 0 0 0 -1 0 6536.dat
1 8 -25 -20 -20 -1 0 0 0 1 0 0 0 -1 32209.dat
1 4 20 -10 0 0 0 1 1 0 0 0 1 0 3704.dat
1 0 0 -20 -20 0 0 1 1 0 0 0 1 0 32184.dat
1 7 0 -40 0 0 0 1 1 0 0 0 1 0 32073.dat
1 7 0 -40 -40 0 0 1 1 0 0 0 1 0 32073.dat
1 7 -20 -20 -20 0 0 1 0 1 0 -1 0 0 3713.dat
0
0 FILE return-to-center.ldr
0 return to center steering mechanism
0 Name: return-to-center.ldr
0 Author: JJ Vens
0 Unofficial Model
0 ROTATION CENTER 0 0 0 1 "Custom" 
0 ROTATION CONFIG 0 0
1 0 20 0 20 0 0 -1 -1 0 0 0 1 0 32523.dat
1 18 0 0 0 0 0 1 0 1 0 -1 0 0 32556.dat
1 18 40 0 0 0 0 1 0 1 0 -1 0 0 32556.dat
1 4 0 -40 0 -1 0 0 0 0 1 0 1 0 32316.dat
1 4 40 -40 0 -1 0 0 0 0 1 0 1 0 32316.dat
1 1 40 -80 10 0 1 0 0 0 1 1 0 0 43093.dat
1 1 0 -80 10 0 1 0 0 0 1 1 0 0 43093.dat
1 0 0 -20 -20 1 0 0 0 1 0 0 0 1 6536.dat
1 0 40 -20 -20 1 0 0 0 1 0 0 0 1 6536.dat
1 4 40 -80 20 1 0 0 0 1 0 0 0 1 3713.dat
1 4 0 -80 20 1 0 0 0 1 0 0 0 1 3713.dat
0 GROUP 34 elastiekje
1 18 2.74504 -69.9759 20 -0.245043 -2.44099 0 2.48796 -0.240416 0 0 0 2.5 4-4cyli.dat
1 18 0.78472 -70.1207 20 -0.725712 -2.34718 0 2.39235 -0.71201 0 0 0 2.5 4-4cyli.dat
1 18 -1.10968 -70.6451 20 -1.17849 -2.16318 0 2.2048 -1.15624 0 0 0 2.5 4-4cyli.dat
1 18 -2.86537 -71.5291 20 -1.58598 -1.89604 0 1.93253 -1.55604 0 0 0 2.5 4-4cyli.dat
1 18 -4.41486 -72.7386 20 -1.93253 -1.55604 0 1.58598 -1.89604 0 0 0 2.5 4-4cyli.dat
1 18 -5.69862 -74.2271 20 -2.2048 -1.15624 0 1.17849 -2.16318 0 0 0 2.5 4-4cyli.dat
1 18 -6.66732 -75.9375 20 -2.39235 -0.71201 0 0.725712 -2.34718 0 0 0 2.5 4-4cyli.dat
1 18 -7.28372 -77.8041 20 -2.48796 -0.240416 0 0.245043 -2.44099 0 0 0 2.5 4-4cyli.dat
1 18 -7.5241 -79.755 20 -2.48796 0.240416 0 -0.245043 -2.44099 0 0 0 2.5 4-4cyli.dat
1 18 -7.37933 -81.7153 20 -2.39235 0.71201 0 -0.725712 -2.34718 0 0 0 2.5 4-4cyli.dat
1 18 -6.85487 -83.6097 20 -2.2048 1.15624 0 -1.17849 -2.16318 0 0 0 2.5 4-4cyli.dat
1 18 -5.9709 -85.3654 20 -1.93253 1.55604 0 -1.58598 -1.89604 0 0 0 2.5 4-4cyli.dat
1 18 -4.76141 -86.9149 20 -1.58598 1.89604 0 -1.93253 -1.55604 0 0 0 2.5 4-4cyli.dat
1 18 -3.27286 -88.1986 20 -1.17849 2.16318 0 -2.2048 -1.15624 0 0 0 2.5 4-4cyli.dat
1 18 -1.56246 -89.1673 20 -0.725712 2.34718 0 -2.39235 -0.71201 0 0 0 2.5 4-4cyli.dat
1 18 0.30405 -89.7837 20 -0.245043 2.44099 0 -2.48796 -0.240416 0 0 0 2.5 4-4cyli.dat
1 18 2.5 -90 20 6.04901e-015 35 0 -2.5 8.46862e-014 0 0 0 2.5 4-4cyli.dat
1 18 37.255 -90.0241 20 0.245043 2.44099 0 -2.48796 0.240416 0 0 0 2.5 4-4cyli.dat
1 18 39.2153 -89.8793 20 0.725712 2.34718 0 -2.39235 0.71201 0 0 0 2.5 4-4cyli.dat
1 18 41.1097 -89.3549 20 1.17849 2.16318 0 -2.2048 1.15624 0 0 0 2.5 4-4cyli.dat
1 18 42.8654 -88.4709 20 1.58598 1.89604 0 -1.93253 1.55604 0 0 0 2.5 4-4cyli.dat
1 18 44.4149 -87.2614 20 1.93253 1.55604 0 -1.58598 1.89604 0 0 0 2.5 4-4cyli.dat
1 18 45.6986 -85.7729 20 2.2048 1.15624 0 -1.17849 2.16318 0 0 0 2.5 4-4cyli.dat
1 18 46.6673 -84.0625 20 2.39235 0.71201 0 -0.725712 2.34718 0 0 0 2.5 4-4cyli.dat
1 18 47.2837 -82.1959 20 2.48796 0.240416 0 -0.245043 2.44099 0 0 0 2.5 4-4cyli.dat
1 18 47.5241 -80.245 20 2.48796 -0.240416 0 0.245043 2.44099 0 0 0 2.5 4-4cyli.dat
1 18 47.3793 -78.2847 20 2.39235 -0.71201 0 0.725712 2.34718 0 0 0 2.5 4-4cyli.dat
1 18 46.8549 -76.3903 20 2.2048 -1.15624 0 1.17849 2.16318 0 0 0 2.5 4-4cyli.dat
1 18 45.9709 -74.6346 20 1.93253 -1.55604 0 1.58598 1.89604 0 0 0 2.5 4-4cyli.dat
1 18 44.7614 -73.0851 20 1.58598 -1.89604 0 1.93253 1.55604 0 0 0 2.5 4-4cyli.dat
1 18 43.2729 -71.8014 20 1.17849 -2.16318 0 2.2048 1.15624 0 0 0 2.5 4-4cyli.dat
1 18 41.5625 -70.8327 20 0.725712 -2.34718 0 2.39235 0.71201 0 0 0 2.5 4-4cyli.dat
1 18 39.6959 -70.2163 20 0.245043 -2.44099 0 2.48796 0.240416 0 0 0 2.5 4-4cyli.dat
1 18 37.5 -70 20 -1.68451e-014 -35 0 2.5 -2.35831e-013 0 0 0 2.5 4-4cyli.dat
0
0 FILE roof.ldr
0 roof
0 Name: roof.ldr
0 Author: JJ Vens
0 Unofficial Model
0 ROTATION CENTER 0 0 0 1 "Custom" 
0 ROTATION CONFIG 0 0
1 4 0 0 0 0 0 1 0 1 0 -1 0 0 32034.dat
1 4 0 0 -120 0 0 1 0 1 0 -1 0 0 32034.dat
1 4 0 0 80 0 0 1 0 1 0 -1 0 0 32034.dat
1 4 0 43.385 123.392 0 0 1 0.0348995 0.999391 0 -0.999391 0.0348995 0 32034.dat
1 4 60 43.385 123.392 0 0 1 0.0348995 0.999391 0 -0.999391 0.0348995 0 32034.dat
1 4 -60 43.385 123.392 0 0 1 0.0348995 0.999391 0 -0.999391 0.0348995 0 32034.dat
1 4 30 38.695 126.992 1 0 0 0 0.87462 0.48481 0 -0.48481 0.87462 3704.dat
1 4 -30 38.695 126.992 1 0 0 0 0.87462 0.48481 0 -0.48481 0.87462 3704.dat
1 7 40 0 80 1 0 0 0 1 0 0 0 1 4519.dat
1 7 -40 0 80 1 0 0 0 1 0 0 0 1 4519.dat
1 7 40 0 -120 1 0 0 0 1 0 0 0 1 4519.dat
1 7 -40 0 -120 1 0 0 0 1 0 0 0 1 4519.dat
1 1 30 0 0 -1 0 0 0 1 0 0 0 -1 43093.dat
1 1 90 43.414 123.568 -1 0 0 0 0.87462 -0.48481 0 -0.48481 -0.87462 43093.dat
1 1 -90 43.414 123.568 1 0 0 0 0.87462 0.48481 0 -0.48481 0.87462 43093.dat
1 1 -30 0 0 1 0 0 0 1 0 0 0 1 43093.dat
1 4 40 0 -60 -1 0 0 0 1 0 0 0 -1 32034.dat
1 4 40 0 0 1 0 0 0 1 0 0 0 1 32013.dat
1 4 40 0 -120 -1 0 0 0 1 0 0 0 -1 32013.dat
1 4 40 0 -30 0 0 1 0 1 0 -1 0 0 3704.dat
1 4 -40 0 -30 0 0 1 0 1 0 -1 0 0 3704.dat
1 4 -40 0 -90 0 0 1 0 1 0 -1 0 0 3704.dat
1 4 40 0 -90 0 0 1 0 1 0 -1 0 0 3704.dat
1 4 80 0 -120 1 0 0 0 1 0 0 0 1 32054.dat
1 4 80 0 80 1 0 0 0 1 0 0 0 1 32054.dat
1 1 80 0 60 1 0 0 0 1 0 0 0 1 6558.dat
1 1 80 0 -100 1 0 0 0 1 0 0 0 1 6558.dat
1 4 40 0 80 0 1 0 1 0 0 0 0 -1 2825.dat
1 8 50 0 40 -1 0 0 0 1 0 0 0 -1 32002.dat
1 4 60 0 -20 0 -1 0 1 0 0 0 0 1 40490.dat
1 4 100 0 -20 0 -1 0 1 0 0 0 0 1 40490.dat
1 4 80 0 -20 0 -1 0 1 0 0 0 0 1 32525.dat
1 4 100 31.5 -145.5 0 1 0 -0.642788 0 -0.766045 -0.766045 0 0.642788 32316.dat
1 4 100 29 109.5 0 1 0 -0.694658 0 0.71934 0.71934 0 0.694658 32316.dat
1 0 50 0 -60 1 0 0 0 1 0 0 0 1 4459.dat
1 4 -40 0 -59.999 1 0 0 0 -1 0 0 0 -1 32034.dat
1 4 -40 0 0 -1 0 0 0 -1 0 0 0 1 32013.dat
1 4 -40 0 -120 1 0 0 0 -1 0 0 0 -1 32013.dat
1 4 -80 0 -120 -1 0 0 0 -1 0 0 0 1 32054.dat
1 4 -80 0 80.001 -1 0 0 0 -1 0 0 0 1 32054.dat
1 1 -80 0 59.999 -1 0 0 0 -1 0 0 0 1 6558.dat
1 1 -80 0 -100.001 -1 0 0 0 -1 0 0 0 1 6558.dat
1 4 -40 0 80.001 0 -1 0 -1 0 0 0 0 -1 2825.dat
1 8 -50 0 40 1 0 0 0 -1 0 0 0 -1 32002.dat
1 4 -60.001 0 -20 0 1 0 -1 0 0 0 0 1 40490.dat
1 4 -100 0 -20 0 1 0 -1 0 0 0 0 1 40490.dat
1 4 -80 0 -20 0 1 0 -1 0 0 0 0 1 32525.dat
1 4 -100 31.5 -145.5 0 -1 0 0.642788 0 -0.766045 0.766045 0 0.642788 32316.dat
1 4 -100 29 109.5 0 -1 0 0.694658 0 0.71934 -0.71934 0 0.694658 32316.dat
1 0 -50 0 -59.999 -1 0 0 0 -1 0 0 0 1 4459.dat
1 0 -110 57.516 137.122 -1 0 0 0 -0.996195 0.0871557 0 0.0871557 0.996195 4459.dat
1 0 -110 0 20.001 -1 0 0 0 -1 0 0 0 1 4459.dat
1 0 110 0 20.001 -1 0 0 0 -1 0 0 0 1 4459.dat
1 0 110 57.516 137.122 -1 0 0 0 -0.996195 0.0871557 0 0.0871557 0.996195 4459.dat
0
0 FILE left_skirt.ldr
0 left skirt
0 Name: left_skirt.ldr
0 Author: JJ Vens
0 Unofficial Model
0 ROTATION CENTER 0 0 0 1 "Custom" 
0 ROTATION CONFIG 0 0
1 4 0 -100 -120 1 0 0 0 1 0 0 0 1 32278.dat
1 4 -20 -220 -120 0 -1 0 1 0 0 0 0 1 32278.dat
1 4 0 -220 -140 0 -1 0 1 0 0 0 0 1 32524.dat
1 4 0 -120 20 1 0 0 0 1 0 0 0 1 41239.dat
1 4 0 -100 80 1 0 0 0 1 0 0 0 1 32316.dat
1 0 0 -110 120 0 0 1 1 0 0 0 1 0 4459.dat
1 0 0 -210 -20 0 0 1 1 0 0 0 1 0 4459.dat
1 0 0 -210 120 0 0 1 1 0 0 0 1 0 4459.dat
1 0 -10 -220 -80 1 0 0 0 0 -1 0 1 0 4459.dat
1 0 -10 -220 -200 1 0 0 0 0 -1 0 1 0 4459.dat
1 0 -10 -220 -220 1 0 0 0 0 -1 0 1 0 4459.dat
1 0 -10 -220 -240 1 0 0 0 0 -1 0 1 0 4459.dat
1 0 0 -210 -40 0 0 1 1 0 0 0 1 0 4459.dat
1 0 0 -110 40 0 0 1 1 0 0 0 1 0 4459.dat
1 0 0 -110 -100 0 0 1 1 0 0 0 1 0 4459.dat
1 1 -10 -220 -60 1 0 0 0 1 0 0 0 1 43093.dat
1 1 -10 -220 0 1 0 0 0 1 0 0 0 1 43093.dat
1 1 0 -210 -260 0 1 0 -1 0 0 0 0 1 43093.dat
1 4 0 -120 140 0 1 0 1 0 0 0 0 -1 32054.dat
1 4 0 -120 20 0 1 0 1 0 0 0 0 -1 32054.dat
1 4 0 -160 40 1 0 0 0 1 0 0 0 1 32525.dat
1 4 0 -200 40 1 0 0 0 1 0 0 0 1 32525.dat
1 4 0 -220 0 1 0 0 0 0 -1 0 1 0 6536.dat
1 4 0 -220 -40 1 0 0 0 0 -1 0 1 0 42003.dat
1 4 0 -220 -240 0 0 -1 -1 0 0 0 1 0 42003.dat
1 7 0 -160 20 0 -1 0 1 0 0 0 0 1 4519.dat
1 7 0 -160 140 0 -1 0 1 0 0 0 0 1 4519.dat
1 4 0 -200 20 0 -1 0 -1 0 0 0 0 -1 32054.dat
1 4 0 -200 140 0 -1 0 -1 0 0 0 0 -1 32054.dat
1 0 0 -220 120 0 0.173648 0.984808 -1 0 0 0 -0.984808 0.173648 32013.dat
1 1 -29.545 -220 114.791 0.984808 0 -0.173648 0 1 0 0.173648 0 0.984808 43093.dat
1 0 -3.644 -200 -240.518 -0.981627 0.190809 0 0 0 -1 -0.190809 -0.981627 0 6536.dat
1 1 -13.829 -200 -242.11 0.981627 0 -0.190809 0 1 0 0.190809 0 0.981627 43093.dat
1 0 -0.328 -120 -259.65 0 0.190809 0.981627 -1 0 0 0 -0.981627 0.190809 6536.dat
1 1 0 -110 -260 0 -0.984808 0.173648 -1 0 0 0 -0.173648 -0.984808 43093.dat
0
0 FILE right_skirt.ldr
0 right skirt
0 Name: right_skirt.ldr
0 Author: JJ Vens
0 Unofficial Model
0 ROTATION CENTER 0 0 0 1 "Custom" 
0 ROTATION CONFIG 0 0
1 4 0 -100 -120 1 0 0 0 1 0 0 0 1 32278.dat
1 4 20 -220 -120 0 -1 0 1 0 0 0 0 1 32278.dat
1 4 0 -220 -140 0 -1 0 1 0 0 0 0 1 32524.dat
1 4 0 -120 20 1 0 0 0 1 0 0 0 1 41239.dat
1 4 0 -100 80 1 0 0 0 1 0 0 0 1 32316.dat
1 0 0 -110 120 0 0 1 1 0 0 0 1 0 4459.dat
1 0 0 -210 -20 0 0 1 1 0 0 0 1 0 4459.dat
1 0 0 -210 120 0 0 1 1 0 0 0 1 0 4459.dat
1 0 10 -220 -80 1 0 0 0 0 -1 0 1 0 4459.dat
1 0 10 -220 -200 1 0 0 0 0 -1 0 1 0 4459.dat
1 0 10 -220 -220 1 0 0 0 0 -1 0 1 0 4459.dat
1 0 10 -220 -240 1 0 0 0 0 -1 0 1 0 4459.dat
1 0 0 -210 -40 0 0 1 1 0 0 0 1 0 4459.dat
1 0 0 -110 40 0 0 1 1 0 0 0 1 0 4459.dat
1 0 0 -110 -100 0 0 1 1 0 0 0 1 0 4459.dat
1 1 10 -220 -60 -1 0 0 0 1 0 0 0 -1 43093.dat
1 1 10 -220 0 -1 0 0 0 1 0 0 0 -1 43093.dat
1 1 0 -210 -260 0 1 0 -1 0 0 0 0 1 43093.dat
1 4 0 -120 140 0 1 0 1 0 0 0 0 -1 32054.dat
1 4 0 -120 20 0 1 0 1 0 0 0 0 -1 32054.dat
1 4 0 -160 40 1 0 0 0 1 0 0 0 1 32525.dat
1 4 0 -200 40 1 0 0 0 1 0 0 0 1 32525.dat
1 4 0 -220 0 1 0 0 0 0 -1 0 1 0 6536.dat
1 4 0 -220 -40 1 0 0 0 0 -1 0 1 0 42003.dat
1 4 0 -220 -240 0 0 -1 -1 0 0 0 1 0 42003.dat
1 7 0 -160 20 0 -1 0 1 0 0 0 0 1 4519.dat
1 7 0 -160 140 0 -1 0 1 0 0 0 0 1 4519.dat
1 4 0 -200 20 0 -1 0 -1 0 0 0 0 -1 32054.dat
1 4 0 -200 140 0 -1 0 -1 0 0 0 0 -1 32054.dat
1 0 0 -220 120 0 0.173648 -0.984808 -1 0 0 0 0.984808 0.173648 32013.dat
1 1 29.54 -220 114.788 -0.984808 0 -0.173648 0 1 0 0.173648 0 -0.984808 43093.dat
1 0 4.356 -200 -240.518 -0.965926 -0.258819 0 0 0 -1 0.258819 -0.965926 0 6536.dat
1 1 14.002 -200 -242.984 -0.965926 0 -0.258819 0 1 0 0.258819 0 -0.965926 43093.dat
1 0 -1.051 -120 -259.167 0 -0.258819 0.965926 -1 0 0 0 -0.965926 -0.258819 6536.dat
1 1 -0.911 -110 -259.627 0 -0.961262 -0.275637 -1 0 0 0 0.275637 -0.961262 43093.dat
0
0 FILE left_wheelcase.ldr
0 left rear wheelcase
0 Name: left_wheelcase.ldr
0 Author: JJ Vens
0 Unofficial Model
0 ROTATION CENTER 0 0 0 1 "Custom" 
0 ROTATION CONFIG 0 0
1 4 0 0 0 0 -1 0 1 0 0 0 0 1 32524.dat
1 4 0 31.527 104.462 0 -1 0 0.601815 0 0.798636 -0.798636 0 0.601815 32316.dat
1 4 -20 47.5 116.5 0 -1 0 0.601815 0 0.798636 -0.798636 0 0.601815 32316.dat
1 4 0 0 0 1 0 0 0 1 0 0 0 1 32054.dat
1 4 20 31.527 104.462 0 -1 0 0.601815 0 0.798636 -0.798636 0 0.601815 32523.dat
1 4 20 0 -80 0 1 0 1 0 0 0 0 -1 32009.dat
1 0 10 0 -40 1 0 0 0 1 0 0 0 1 4459.dat
1 0 10 0 60 1 0 0 0 1 0 0 0 1 4459.dat
1 0 10 47.5 116.5 1 0 0 0 0.601815 0.798636 0 -0.798636 0.601815 4459.dat
1 0 -10 63.473 128.538 1 0 0 0 0.601815 0.798636 0 -0.798636 0.601815 4459.dat
1 1 10 0 80 1 0 0 0 1 0 0 0 1 43093.dat
1 1 -30 0 0 1 0 0 0 1 0 0 0 1 43093.dat
1 1 0 15.554 92.428 -1 0 0 0 0.601815 -0.798636 0 -0.798636 -0.601815 6558.dat
1 1 10 80 -80 1 0 0 0 1 0 0 0 1 43093.dat
1 1 -30 80 -80 -1 0 0 0 1 0 0 0 -1 43093.dat
1 0 -10 80 -80 1 0 0 0 1 0 0 0 1 62462.dat
0
0 FILE right_wheelcase.ldr
0 right rear wheelcase
0 Name: right_wheelcase.ldr
0 Author: JJ Vens
0 Unofficial Model
0 ROTATION CENTER 0 0 0 1 "Custom" 
0 ROTATION CONFIG 0 0
1 4 0 0 0 0 -1 0 1 0 0 0 0 1 32524.dat
1 4 0 31.527 104.462 0 -1 0 0.601815 0 0.798636 -0.798636 0 0.601815 32316.dat
1 4 20 47.5 116.5 0 -1 0 0.601815 0 0.798636 -0.798636 0 0.601815 32316.dat
1 4 0 0 0 -1 0 0 0 1 0 0 0 -1 32054.dat
1 4 -20 31.527 104.462 0 -1 0 0.601815 0 0.798636 -0.798636 0 0.601815 32523.dat
1 4 -20 0 -80 0 1 0 1 0 0 0 0 -1 32009.dat
1 0 -10 0 -40 1 0 0 0 1 0 0 0 1 4459.dat
1 0 -10 0 60 1 0 0 0 1 0 0 0 1 4459.dat
1 0 -10 47.5 116.5 1 0 0 0 0.601815 0.798636 0 -0.798636 0.601815 4459.dat
1 0 10 63.473 128.538 1 0 0 0 0.601815 0.798636 0 -0.798636 0.601815 4459.dat
1 1 -10 0 80 -1 0 0 0 1 0 0 0 -1 43093.dat
1 1 30 0 0 -1 0 0 0 1 0 0 0 -1 43093.dat
1 1 0 15.554 92.428 1 0 0 0 0.601815 -0.798636 0 0.798636 0.601815 6558.dat
1 1 30 80 -80 1 0 0 0 1 0 0 0 1 43093.dat
1 1 -10 80 -80 -1 0 0 0 1 0 0 0 -1 43093.dat
1 0 10 80 -80 1 0 0 0 1 0 0 0 1 62462.dat
0
0 FILE front.ldr
0 curved front
0 Name: front.ldr
0 Author: JJ Vens
0 Unofficial Model
0 ROTATION CENTER 0 0 0 1 "Custom" 
0 ROTATION CONFIG 0 0
0 CLEAR
1 4 -50 -69 17 0 0 -1 0.707107 -0.707107 0 -0.707107 -0.707107 0 32013.dat
1 4 50 -69 17 0 0 1 0.707107 0.707107 0 -0.707107 0.707107 0 32013.dat
1 4 51.5 -85 44.5 -0.11452 -0.73131 -0.672363 0.34202 -0.664463 0.664463 -0.932688 -0.153867 0.326217 62462.dat
1 4 56.5 -96 87.5 -0.121406 -0.709347 -0.694326 0.138784 -0.70476 0.695739 -0.982853 -0.011895 0.184008 62462.dat
1 4 -51.5 -85 44.5 0.11452 -0.672363 -0.73131 0.34202 -0.664463 0.664463 -0.932688 -0.326217 0.153867 62462.dat
1 4 -56.5 -96 87.5 0.121406 -0.694326 -0.709347 0.138784 -0.695739 0.70476 -0.982853 -0.184008 0.011895 62462.dat
1 4 -42.5 4 28.5 0.122788 -0.783189 -0.60954 0.643724 0.530312 -0.551715 0.755343 -0.324632 0.569273 62462.dat
1 4 -47.5 -37 10 0.121869 -0.701836 -0.701836 0.992546 0.0861747 0.0861747 0 -0.707107 0.707107 62462.dat
1 4 42.5 4 28.5 -0.122788 -0.60954 -0.783189 0.643724 0.551715 -0.530312 0.755343 -0.569273 0.324632 62462.dat
1 4 47.5 -37 10 -0.121869 -0.701836 -0.701836 0.992546 -0.0861747 -0.0861747 0 -0.707107 0.707107 62462.dat
1 4 0 -69 17 0 0 1 0.707107 -0.707107 0 0.707107 0.707107 0 59443.dat
1 4 -20 -69 17 1 0 0 0 -0.707107 -0.707107 0 0.707107 -0.707107 3704.dat
1 4 20 -69 17 1 0 0 0 -0.707107 -0.707107 0 0.707107 -0.707107 3704.dat
1 4 -60 -100 120 0 0 1 0 1 0 -1 0 0 6536.dat
1 4 60 -100 120 0 0 1 0 1 0 -1 0 0 6536.dat
1 0 40 20 60 0 0 -1 0 1 0 1 0 0 6536.dat
1 0 -40 20 60 0 0 -1 0 1 0 1 0 0 6536.dat
1 0 50 -80 120 1 0 0 0 0 1 0 -1 0 4459.dat
