0 FILE main.ldr
0 main
0 Name: main.ldr
0 Author: Hedgie
0 Unofficial Model
0 ROTATION CENTER 0 0 0 1 "Custom" 
0 ROTATION CONFIG 0 0
1 0 -120 140 -10 -1 0 0 0 1 0 0 0 -1 triodon_right.ldr
1 0 0 -140 190 0 0 1 0 1 0 -1 0 0 roof.ldr
1 0 190 140 -10 -1 0 0 0 1 0 0 0 -1 triodon_left.ldr
1 0 190 140 -60 -1 0 0 0 1 0 0 0 -1 carriage.ldr
1 72 90 140 -30 1 0 0 0 1 0 0 0 1 87083.dat
1 0 80 100 -50 -1 0 0 0 1 0 0 0 -1 32054.dat
1 0 100 100 70 -1 0 0 0 1 0 0 0 -1 32054.dat
1 1 130 100 70 -1 0 0 0 1 0 0 0 -1 43093.dat
1 1 140 140 -70 1 0 0 0 -0.275637 -0.961262 0 0.961262 -0.275637 skirt.ldr
1 1 -140 100 70 1 0 0 0 0.275637 0.961262 0 -0.961262 0.275637 skirt.ldr
1 72 -90 140 -30 -1 0 0 0 -1 0 0 0 1 87083.dat
1 0 -80 100 -50 1 0 0 0 -1 0 0 0 -1 32054.dat
1 0 -100 100 70 1 0 0 0 -1 0 0 0 -1 32054.dat
1 1 -130 100 70 1 0 0 0 -1 0 0 0 -1 43093.dat
1 1 0 41.5 256.5 0 0 -1 0 1 0 1 0 0 shock-ass.ldr
1 28 120 -29.5 167.5 1 0 0 0 0.600001 0.799999 0 -0.799999 0.600001 6587.dat
1 28 -120 -29.5 167.5 -1 0 0 0 0.600001 0.799999 0 0.799999 -0.600001 6587.dat
1 71 0 -20 210 1 0 0 0 1 0 0 0 1 58119.dat
1 72 -132 -60 230 -1 0 0 0 1 0 0 0 -1 87083.dat
1 72 -120 20 230 -1 0 0 0 1 0 0 0 -1 11214.dat
1 72 132.5 -60 230 1 0 0 0 1 0 0 0 1 87083.dat
1 72 120 20 230 1 0 0 0 1 0 0 0 1 11214.dat
1 4 160 -60 230 0 0 -1 0 1 0 1 0 0 3713.dat
1 4 -160 -60 230 0 0 1 0 1 0 -1 0 0 3713.dat
1 0 -95 -98 236.5 0 1 0 -0.529919 0 0.848048 0.848048 0 0.529919 32063.dat
1 0 -105 -98 236.5 0 1 0 -0.529919 0 0.848048 0.848048 0 0.529919 32063.dat
1 0 95 -98 236.5 0 1 0 -0.529919 0 0.848048 0.848048 0 0.529919 32063.dat
1 0 105 -98 236.5 0 1 0 -0.529919 0 0.848048 0.848048 0 0.529919 32063.dat
1 0 -140 0 250 0 0 -1 0 1 0 1 0 0 right-taillight.ldr
1 0 140 0 250 -1 0 0 0 1 0 0 0 -1 left-taillight.ldr
1 0 0 80 260 0 0 -1 0 1 0 1 0 0 rear-bumper.ldr
1 0 90 20 -250 1 0 0 0 1 0 0 0 1 headlight.ldr
1 0 -90 20 -250 -1 0 0 0 -1 0 0 0 1 headlight.ldr
1 0 0 80 50 0 0 1 0 1 0 -1 0 0 chairs.ldr
1 0 -115 80 -30 0 1 0 0 0 1 1 0 0 41677.dat
1 72 -82 100 -30 -1 0 0 0 1 0 0 0 -1 87083.dat
1 0 115 80 -30 0 -1 0 0 0 1 -1 0 0 41677.dat
1 72 82 100 -30 1 0 0 0 1 0 0 0 1 87083.dat
1 72 0 -36 -160 0 0 -1 -0.121869 0.992546 0 0.992546 0.121869 0 dashboard.ldr
1 4 120 -56 -162.5 1 0 0 0 0.963631 -0.267238 0 0.267238 0.963631 32062.dat
1 4 -120 -56 -162.5 -1 0 0 0 0.999657 -0.0261765 0 -0.0261765 -0.999657 32062.dat
1 4 140 38 -91.5 -1 0 0 0 0.993572 0.113203 0 0.113203 -0.993572 left_door.ldr
1 4 -140 53.849 -230.6 0 0 -1 -0.113203 0.993572 0 0.993572 0.113203 0 right_door.ldr
1 4 -20 70 -310 1 0 0 0 1 0 0 0 1 hood.ldr
1 71 0 40 -270 1 0 0 0 1 0 0 0 1 32073.dat
1 71 140 12.5 -186.5 1 0 0 0 0.600001 0.799999 0 -0.799999 0.600001 left_blinker.ldr
1 71 -140 12.5 -186.5 1 0 0 0 0.600001 0.799999 0 -0.799999 0.600001 right_blinker.ldr
0 
0 NOFILE
0
0 FILE triodon_right.ldr
0 triodon_right
0 Name: triodon_right.ldr
0 Author: Hedgie
0 Unofficial Model
0 ROTATION CENTER 0 0 0 1 "Custom" 
0 ROTATION CONFIG 0 0
1 0 0 0 0 0 -1 0 -1 0 0 0 0 -1 32524.dat
1 0 -20 0 -50 -1 0 0 0 0 -1 0 -1 0 32138.dat
1 0 -20 0 -10 -1 0 0 0 0 -1 0 -1 0 32138.dat
1 1 0 0 60 1 0 0 0 1 0 0 0 1 6558.dat
1 1 -20 0 40 -1 0 0 0 1 0 0 0 -1 6558.dat
1 0 -20 -80 140 0 -1 0 -0.600001 0 0.799999 -0.799999 0 -0.600001 6629.dat
1 0 -30 -16 92 -1 0 0 0 1 0 0 0 -1 4459.dat
1 0 -10 -48 116.5 -1 0 0 0 1 0 0 0 -1 4459.dat
1 1 -30 -80 140 1 0 0 0 0.600001 -0.799999 0 0.799999 0.600001 43093.dat
1 0 -40 0 20 0 -1 0 -1 0 0 0 0 -1 32526.dat
1 0 -40 -40 -40 0 -1 0 1 0 0 0 0 1 32526.dat
1 0 -30 -40 -60 -1 0 0 0 1 0 0 0 -1 4459.dat
1 0 -30 -40 -40 -1 0 0 0 1 0 0 0 -1 4459.dat
1 0 -30 -40 0 -1 0 0 0 1 0 0 0 -1 4459.dat
1 0 -20 -40 20 0 -1 0 -1 0 0 0 0 -1 6629.dat
1 0 -40 -80 140 0 1 0 -0.600001 0 -0.799999 -0.799999 0 0.600001 40490.dat
1 1 0 -72 -104 1 0 0 0 1 0 0 0 1 6558.dat
1 0 -30 -96 152 1 0 0 0 1 0 0 0 1 4459.dat
1 0 -30 -111.5 163.5 1 0 0 0 1 0 0 0 1 4459.dat
1 0 -20 -95.5 151.5 0 1 0 -0.600001 0 -0.799999 -0.799999 0 0.600001 32526.dat
1 1 -20 -160 200 -1 0 0 0 1 0 0 0 -1 6558.dat
1 0 -10 -183 168 1 0 0 0 1 0 0 0 1 4459.dat
1 0 0 -104 -128 0 1 0 -0.600001 0 0.799999 0.799999 0 0.600001 32524.dat
1 1 10 -104 -128.5 1 0 0 0 0.600001 0.799999 0 -0.799999 0.600001 43093.dat
1 0 10 -152.5 -164 1 0 0 0 1 0 0 0 1 4459.dat
1 1 -20 -136.5 -152 -1 0 0 0 1 0 0 0 -1 6558.dat
1 1 -20 -120.5 -140.5 -1 0 0 0 1 0 0 0 -1 6558.dat
1 71 0 -88 -115.5 1 0 0 0 0.600001 0.799999 0 -0.799999 0.600001 4519.dat
1 0 0 -56 -92.5 -1 0 0 0 1 0 0 0 -1 32054.dat
1 0 20 -104.5 -128.5 0 1 0 0.600001 0 -0.799999 -0.799999 0 -0.600001 32271.dat
1 0 20 -88 -116 0 -1 0 0.600001 0 0.799999 -0.799999 0 0.600001 60483.dat
1 0 0 -220 120 0 1 0 0.799999 0 -0.600001 -0.600001 0 -0.799999 32525.dat
1 0 -40 -134 -138.5 0 0 1 -0.799999 0.600001 0 -0.600001 -0.799999 0 32000.dat
1 0 -20 -134 -138.5 0 0 1 -0.799999 0.600001 0 -0.600001 -0.799999 0 32000.dat
1 0 -40 -160 220 0 0 1 -1 0 0 0 -1 0 6536.dat
1 0 10 -200 -200 1 0 0 0 1 0 0 0 1 4459.dat
1 0 10 -200 -220 1 0 0 0 1 0 0 0 1 4459.dat
1 72 -20 -280 -120 1 0 0 0 0.600001 -0.799999 0 0.799999 0.600001 11214.dat
1 1 -10 -231.5 -155.5 -1 0 0 0 0.600001 0.799999 0 0.799999 -0.600001 43093.dat
1 0 0 -280 -120 0 -1 0 -0.600001 0 0.799999 -0.799999 0 -0.600001 6629.dat
1 0 -20 -280 -60 0 1 0 1 0 0 0 0 -1 32348.dat
1 1 -10 -280 -60 -1 0 0 0 1 0 0 0 -1 43093.dat
1 0 -10 -280 -100 1 0 0 0 1 0 0 0 1 4459.dat
1 0 0 -280 -40 0 1 0 -1 0 0 0 0 1 32524.dat
1 0 -10 -280 40 1 0 0 0 1 0 0 0 1 4459.dat
1 0 -10 -280 20 1 0 0 0 1 0 0 0 1 4459.dat
1 0 -10 -280 -40 1 0 0 0 1 0 0 0 1 4459.dat
1 0 -30 -280 -80 1 0 0 0 1 0 0 0 1 4459.dat
0 
0 NOFILE
0
0 FILE triodon_left.ldr
0 triodon_left
0 Name: triodon_left.ldr
0 Author: Hedgie
0 Unofficial Model
0 
0 
0 
0 ROTATION CENTER 0 0 0 1 "Custom" 
0 ROTATION CONFIG 0 0
1 0 70 0 0 0 -1 0 -1 0 0 0 0 -1 32524.dat
1 0 90 0 -50 1 0 0 0 0 1 0 -1 0 32138.dat
1 0 90 0 -10 1 0 0 0 0 1 0 -1 0 32138.dat
1 1 70 0 60 -1 0 0 0 -1 0 0 0 1 6558.dat
1 1 90 0 40 1 0 0 0 -1 0 0 0 -1 6558.dat
1 0 90 -80 140 0 -1 0 -0.600001 0 0.799999 -0.799999 0 -0.600001 6629.dat
1 0 100 -16 92 -1 0 0 0 1 0 0 0 -1 4459.dat
1 0 80 -48 116.5 -1 0 0 0 1 0 0 0 -1 4459.dat
1 1 100 -80 140 -1 0 0 0 0.600001 0.799999 0 0.799999 -0.600001 43093.dat
1 0 110 0 20 0 -1 0 -1 0 0 0 0 -1 32526.dat
1 0 110 -40 -40 0 -1 0 1 0 0 0 0 1 32526.dat
1 0 100 -40 -60 -1 0 0 0 1 0 0 0 -1 4459.dat
1 0 100 -40 -40 -1 0 0 0 1 0 0 0 -1 4459.dat
1 0 100 -40 0 -1 0 0 0 1 0 0 0 -1 4459.dat
1 0 90 -40 20 0 -1 0 -1 0 0 0 0 -1 6629.dat
1 0 110 -80 140 0 1 0 -0.600001 0 -0.799999 -0.799999 0 0.600001 40490.dat
1 1 70 -72 -104 -1 0 0 0 1 0 0 0 -1 6558.dat
1 0 100 -96 152 1 0 0 0 1 0 0 0 1 4459.dat
1 0 100 -112 164 1 0 0 0 1 0 0 0 1 4459.dat
1 0 90 -95.5 151.5 0 1 0 -0.600001 0 -0.799999 -0.799999 0 0.600001 32526.dat
1 1 90 -160 200 1 0 0 0 1 0 0 0 1 6558.dat
1 0 80 -183 168 1 0 0 0 1 0 0 0 1 4459.dat
1 0 70 -104 -128 0 1 0 -0.600001 0 0.799999 0.799999 0 0.600001 32524.dat
1 1 60 -104 -128.5 -1 0 0 0 0.600001 -0.799999 0 -0.799999 -0.600001 43093.dat
1 0 60 -152.5 -164 1 0 0 0 1 0 0 0 1 4459.dat
1 71 70 -88 -115.5 1 0 0 0 0.600001 0.799999 0 -0.799999 0.600001 4519.dat
1 0 70 -56 -92.5 1 0 0 0 1 0 0 0 1 32054.dat
1 0 50 -104.5 -128.5 0 1 0 0.600001 0 -0.799999 -0.799999 0 -0.600001 32271.dat
1 0 50 -88 -116 0 -1 0 0.600001 0 0.799999 -0.799999 0 0.600001 60483.dat
1 0 70 -220 120 0 1 0 0.799999 0 -0.600001 -0.600001 0 -0.799999 32525.dat
1 0 110 -160 220 0 0 1 -1 0 0 0 -1 0 6536.dat
1 0 60 -200 -200 1 0 0 0 1 0 0 0 1 4459.dat
1 0 60 -200 -220 1 0 0 0 1 0 0 0 1 4459.dat
1 72 90 -280 -120 -1 0 0 0 0.600001 0.799999 0 0.799999 -0.600001 11214.dat
1 1 80 -231.5 -155.5 1 0 0 0 0.600001 -0.799999 0 0.799999 0.600001 43093.dat
1 0 70 -280 -120 0 -1 0 -0.600001 0 0.799999 -0.799999 0 -0.600001 6629.dat
1 0 90 -280 -60 0 1 0 1 0 0 0 0 -1 32348.dat
1 1 80 -280 -60 1 0 0 0 1 0 0 0 1 43093.dat
1 0 80 -280 -100 -1 0 0 0 1 0 0 0 -1 4459.dat
1 0 70 -280 -40 0 1 0 -1 0 0 0 0 1 32524.dat
1 0 80 -280 40 1 0 0 0 1 0 0 0 1 4459.dat
1 0 80 -280 20 1 0 0 0 1 0 0 0 1 4459.dat
1 0 80 -280 -40 1 0 0 0 1 0 0 0 1 4459.dat
1 0 100 -280 -80 1 0 0 0 1 0 0 0 1 4459.dat
0 
0 NOFILE
0
0 FILE roof.ldr
0 roof
0 Name: roof.ldr
0 Author: Hedgie
0 Unofficial Model
0 ROTATION CENTER 0 0 0 1 "Custom" 
0 ROTATION CONFIG 0 0
1 0 0 0 0 0 1 0 -1 0 0 0 0 1 32524.dat
1 1 10 0 -60 1 0 0 0 1 0 0 0 1 43093.dat
1 1 10 0 60 1 0 0 0 1 0 0 0 1 43093.dat
1 0 -10 0 0 1 0 0 0 1 0 0 0 1 4459.dat
1 72 10 0 40 1 0 0 0 1 0 0 0 1 32002.dat
1 72 10 0 20 1 0 0 0 1 0 0 0 1 32002.dat
1 72 10 0 -20 1 0 0 0 1 0 0 0 1 32002.dat
1 72 10 0 -40 1 0 0 0 1 0 0 0 1 32002.dat
1 0 40 0 -60 0 0 -1 0 1 0 1 0 0 32034.dat
1 0 40 0 60 0 0 -1 0 1 0 1 0 0 32034.dat
1 0 15 0 0 0 1 0 -1 0 0 0 0 1 32017.dat
1 0 40 0 -70 0 0 1 0 1 0 -1 0 0 4459.dat
1 0 40 0 70 0 0 1 0 1 0 -1 0 0 4459.dat
1 0 -20 0 0 1 0 0 0 1 0 0 0 1 32034.dat
1 4 -20 0 -30 0 0 1 0 1 0 -1 0 0 32062.dat
1 4 -20 0 30 0 0 1 0 1 0 -1 0 0 32062.dat
1 0 110 0 60 1 0 0 0 1 0 0 0 1 3706.dat
1 0 110 0 -60 1 0 0 0 1 0 0 0 1 3706.dat
1 0 -20 0 -50 1 0 0 0 1 0 0 0 1 59443.dat
1 0 -20 0 50 1 0 0 0 1 0 0 0 1 59443.dat
1 72 -20 0 -80 0 0 -1 0 1 0 1 0 0 11214.dat
1 72 -20 0 80 0 0 1 0 1 0 -1 0 0 11214.dat
1 0 80 0 0 0 1 0 -1 0 0 0 0 1 32524.dat
1 72 70 0 -40 -1 0 0 0 1 0 0 0 -1 32002.dat
1 72 70 0 -20 -1 0 0 0 1 0 0 0 -1 32002.dat
1 72 70 0 20 -1 0 0 0 1 0 0 0 -1 32002.dat
1 72 70 0 40 -1 0 0 0 1 0 0 0 -1 32002.dat
1 0 65 0 0 0 1 0 -1 0 0 0 0 1 32017.dat
1 0 60 0 -80 0 0 1 1 0 0 0 1 0 40490.dat
1 0 60 0 80 0 0 1 1 0 0 0 1 0 40490.dat
1 0 100 0 0 0 1 0 -1 0 0 0 0 1 32524.dat
1 0 120 0 0 0 1 0 -1 0 0 0 0 1 32524.dat
1 0 140 0 0 0 1 0 -1 0 0 0 0 1 32524.dat
1 0 200 0 0 0 0 1 0 1 0 -1 0 0 64782.dat
0 NOFILE
0
0 FILE carriage.ldr
0 carriage
0 Name: carriage.ldr
0 Author: Hedgie
0 Unofficial Model
0 ROTATION CENTER 0 0 0 1 "Custom" 
0 ROTATION CONFIG 0 0
1 0 190 -20 -80 -1 0 0 0 1 0 0 0 -1 l-motor.ldr
1 71 235 0 -50 0 -1 0 -1 0 0 0 0 -1 32056.dat
1 71 225 0 -50 0 -1 0 -1 0 0 0 0 -1 32056.dat
1 71 230 -60 50 0 1 0 0 0 1 1 0 0 32140.dat
1 4 240 -40 -50 -1 0 0 0 1 0 0 0 -1 32062.dat
1 0 240 -40 50 -1 0 0 0 1 0 0 0 -1 4459.dat
1 0 240 0 50 -1 0 0 0 1 0 0 0 -1 4459.dat
1 1 240 0 -50 -1 0 0 0 1 0 0 0 -1 43093.dat
1 71 250 -40 110 0 1 0 -1 0 0 0 0 1 32009.dat
1 71 250 0 -30 0 -1 0 -1 0 0 0 0 -1 32525.dat
1 1 260 0 -130 1 0 0 0 1 0 0 0 1 43093.dat
1 71 230 -60 90 -1 0 0 0 0.693024 0.720914 0 0.720914 -0.693024 87082.dat
1 71 190 -60 50 -1 0 0 0 1 0 0 0 -1 32073.dat
1 1 240 -120 110 1 0 0 0 1 0 0 0 1 43093.dat
1 0 240 -100 110 -1 0 0 0 1 0 0 0 -1 4459.dat
1 72 230 -120 110 0 0 1 0 1 0 -1 0 0 42003.dat
1 4 230 -140 120 0 0 1 0 1 0 -1 0 0 32062.dat
1 0 190 -60 180 0 0 -1 0 1 0 1 0 0 servo.ldr
1 0 190 -140 125 0 0 1 1 0 0 0 1 0 11478.dat
1 0 190 -140 135 0 0 1 1 0 0 0 1 0 11478.dat
1 4 150 -140 120 0 0 1 0 1 0 -1 0 0 32062.dat
1 1 140 -120 110 -1 0 0 0 1 0 0 0 -1 43093.dat
1 0 140 -100 110 -1 0 0 0 1 0 0 0 -1 4459.dat
1 72 150 -120 110 0 0 1 0 1 0 -1 0 0 42003.dat
1 71 155 0 -50 0 -1 0 -1 0 0 0 0 -1 32056.dat
1 71 145 0 -50 0 -1 0 -1 0 0 0 0 -1 32056.dat
1 71 150 -60 50 0 1 0 0 0 1 1 0 0 32140.dat
1 4 140 -40 -50 -1 0 0 0 1 0 0 0 -1 32062.dat
1 0 140 -40 50 -1 0 0 0 1 0 0 0 -1 4459.dat
1 1 140 0 -50 1 0 0 0 1 0 0 0 1 43093.dat
1 71 150 -60 90 -1 0 0 0 0.693024 0.720914 0 0.720914 -0.693024 87082.dat
1 0 140 0 50 -1 0 0 0 1 0 0 0 -1 4459.dat
1 71 130 -40 110 0 1 0 -1 0 0 0 0 1 32009.dat
1 71 130 0 -30 0 -1 0 -1 0 0 0 0 -1 32525.dat
1 1 120 0 -130 -1 0 0 0 1 0 0 0 -1 43093.dat
1 1 210 -140 140 0 0 -1 0 1 0 1 0 0 43093.dat
1 1 170 -140 140 0 0 -1 0 1 0 1 0 0 43093.dat
1 1 233.5 -103 150 0.991445 0.130526 0 -0.130526 0.991445 0 0 0 1 spring.ldr
1 1 146.5 -103 150 -0.991445 -0.130526 0 -0.130526 0.991445 0 0 0 -1 spring.ldr
1 72 190 -140 170 0 0 -1 0 1 0 1 0 0 41239.dat
1 71 310 -150 170 0 1 0 -1 0 0 0 0 1 4274.dat
1 71 290 -150 170 0 1 0 -1 0 0 0 0 1 4274.dat
1 71 230 -150 170 0 1 0 -1 0 0 0 0 1 4274.dat
1 71 210 -150 170 0 1 0 -1 0 0 0 0 1 4274.dat
1 71 190 -150 170 0 1 0 -1 0 0 0 0 1 4274.dat
1 71 170 -150 170 0 1 0 -1 0 0 0 0 1 4274.dat
1 71 150 -150 170 0 1 0 -1 0 0 0 0 1 4274.dat
1 71 90 -150 170 0 1 0 -1 0 0 0 0 1 4274.dat
1 71 70 -150 170 0 1 0 -1 0 0 0 0 1 4274.dat
1 71 70 -150 170 0 1 0 -1 0 0 0 0 1 4274.dat
1 4 300 -158.5 170 1 0 0 0 1 0 0 0 1 3023.dat
1 4 220 -158.5 170 1 0 0 0 1 0 0 0 1 3023.dat
1 4 80 -158.5 170 1 0 0 0 1 0 0 0 1 3023.dat
1 4 170 -158.5 170 1 0 0 0 1 0 0 0 1 3623.dat
1 4 300 -166.5 170 1 0 0 0 1 0 0 0 1 3069b.dat
1 4 80 -166.5 170 1 0 0 0 1 0 0 0 1 3069b.dat
1 4 150 -166.5 170 1 0 0 0 1 0 0 0 1 3070b.dat
1 4 200 -166.5 170 1 0 0 0 1 0 0 0 1 2431.dat
1 4 230 0 170 0 0 1 0 1 0 -1 0 0 front-suspension.ldr
1 71 189.5 -80 210 0 0.241922 0.970296 0 0.970296 -0.241922 -1 0 0 15459.dat
1 72 270 -111.5 170 0 -1 0 1 0 0 0 0 1 59426.dat
1 72 110 -111.5 170 0 -1 0 1 0 0 0 0 1 59426.dat
1 71 190 -20 -130 -1 0 0 0 0.992546 0.121869 0 0.121869 -0.992546 dion-axle.ldr
1 71 190 -40 -300 0 0 1 0 1 0 -1 0 0 lateral.ldr
1 71 270 -80 -130 0 -1 0 1 0 0 0 0 1 32009.dat
1 71 110 -80 -130 0 -1 0 1 0 0 0 0 1 32009.dat
1 256 310 -20 170 0 0 -1 0 -1 0 -1 0 0 15413.dat
1 71 310 -20 170 0 0 -1 0 -1 0 -1 0 0 56145.dat
1 256 70 -20 170 0 0 1 0 -1 0 1 0 0 15413.dat
1 71 70 -20 170 0 0 1 0 -1 0 1 0 0 56145.dat
1 256 320 -9 -230 0 0 -1 0.104528 -0.994522 0 -0.994522 -0.104528 0 15413.dat
1 71 320 -9 -230 0 0 -1 0.104528 -0.994522 0 -0.994522 -0.104528 0 56145.dat
1 256 60 -9 -230 0 0 1 -0.104528 -0.994522 0 0.994522 -0.104528 0 15413.dat
1 71 60 -9 -230 0 0 1 -0.104528 -0.994522 0 0.994522 -0.104528 0 56145.dat
0 
0 NOFILE
0
0 FILE l-motor.ldr
0 L-motor
0 Name: L-motor.ldr
0 Author: Hedgie
0 Unofficial Model
0 ROTATION CENTER 0 0 0 1 "Custom" 
0 ROTATION CONFIG 0 0
1 71 0 0 0 0 1 0 1 0 0 0 0 -1 99499.dat
1 71 0 20 -150 0 0 1 0 -1 0 1 0 0 32034.dat
1 71 0 20 -150 0 -1 0 0 0 -1 1 0 0 32054.dat
1 72 40 20 -150 -1 0 0 0 1 0 0 0 -1 11214.dat
1 72 -40 20 -150 1 0 0 0 1 0 0 0 1 11214.dat
1 0 20 0 0 0 0 1 0 1 0 -1 0 0 4459.dat
1 0 -20 0 0 0 0 1 0 1 0 -1 0 0 4459.dat
1 71 0 0 10 0 0 1 0 1 0 -1 0 0 4519.dat
1 71 20 0 10 1 0 0 0 1 0 0 0 1 32184.dat
1 71 -20 0 10 1 0 0 0 1 0 0 0 1 32184.dat
1 71 0 -20 10 1 0 0 0 1 0 0 0 1 4519.dat
1 71 0 20 10 1 0 0 0 1 0 0 0 1 44294.dat
1 72 0 0 50 0 1 0 1 0 0 0 0 -1 92911.dat
0 
0 NOFILE
0
0 FILE servo.ldr
0 servo
0 Name: servo.ldr
0 Author: Hedgie
0 Unofficial Model
0 ROTATION CENTER 0 0 0 1 "Custom" 
0 ROTATION CONFIG 0 0
1 71 0 0 0 0 0 -1 0 1 0 1 0 0 99498.dat
1 0 0 -40 0 1 0 0 0 1 0 0 0 1 4459.dat
1 4 0 0 0 1 0 0 0 1 0 0 0 1 32062.dat
1 71 10 -40 0 1 0 0 0 1 0 0 0 1 32034.dat
1 71 10 0 0 0 1 0 0 0 -1 -1 0 0 60483.dat
1 71 20 -20 0 1 0 0 0 1 0 0 0 1 3673.dat
1 4 10 -40 -30 0 0 1 0 1 0 -1 0 0 32062.dat
1 4 10 -40 30 0 0 1 0 1 0 -1 0 0 32062.dat
1 71 30 -40 -40 0 0 -1 -1 0 0 0 1 0 33299a.dat
1 71 30 -40 40 0 0 -1 1 0 0 0 -1 0 33299a.dat
1 71 10 -40 45 1 0 0 0 0 -1 0 1 0 41677.dat
1 71 10 -60 50 0 0 1 0 1 0 -1 0 0 32073.dat
1 71 10 -60 30 -1 0 0 0 1 0 0 0 -1 3713.dat
1 71 10 -60 55 1 0 0 0 1 0 0 0 1 32123b.dat
1 71 10 -60 -50 0 0 1 0 1 0 -1 0 0 32073.dat
1 71 10 -60 0 1 0 0 0 1 0 0 0 1 59443.dat
1 71 10 -40 -45 1 0 0 0 0 -1 0 1 0 41677.dat
1 71 10 -60 -30 1 0 0 0 1 0 0 0 1 3713.dat
1 71 10 -60 70 0 -1 0 0 0 1 -1 0 0 32291.dat
1 71 10 -60 -70 0 -1 0 0 0 1 -1 0 0 32291.dat
1 0 -10 -70 60 0 1 0 -1 0 0 0 0 1 4459.dat
1 0 -10 -70 -60 0 1 0 -1 0 0 0 0 1 4459.dat
1 71 10 -60 -55 1 0 0 0 1 0 0 0 1 32123b.dat
0 
0 NOFILE
0
0 FILE front-suspension.ldr
0 front-suspension
0 Name: front-suspension.ldr
0 Author: Hedgie
0 Unofficial Model
0 ROTATION CENTER 0 0 0 1 "Custom" 
0 ROTATION CONFIG 0 0
1 71 0 0 -40 1 0 0 0 -1 0 0 0 -1 32073.dat
1 71 0 0 -39 1 0 0 0 -0.968148 -0.25038 0 0.25038 -0.968148 15459.dat
1 72 0 -5 -22 -1 0 0 0 -0.968148 -0.25038 0 -0.25038 0.968148 57515.dat
1 71 25 0 -40 0 0 1 0 1 0 -1 0 0 32123b.dat
1 71 -25 0 -40 0 0 1 0 1 0 -1 0 0 32123b.dat
1 71 10 15 18 1 0 0 0 1 0 0 0 1 3673.dat
1 71 10 15 -97.5 1 0 0 0 1 0 0 0 1 3673.dat
1 71 -50 0 -40 0 0 1 0 1 0 -1 0 0 59443.dat
1 71 50 0 -40 0 0 1 0 1 0 -1 0 0 59443.dat
1 4 70 0 -40 1 0 0 0 1 0 0 0 1 32062.dat
1 4 -70 0 -40 1 0 0 0 1 0 0 0 1 32062.dat
1 71 -20 -30 40 1 0 0 0 1 0 0 0 1 wheelholder.ldr
1 71 -20 -30 -120 1 0 0 0 1 0 0 0 1 wheelholder.ldr
1 72 0 -20 -150 0 0 -1 0 1 0 1 0 0 87083.dat
1 72 0 -20 70 0 0 1 0 1 0 -1 0 0 87083.dat
1 71 0 -20 55 1 0 0 0 1 0 0 0 1 32123b.dat
1 71 0 -20 -135 1 0 0 0 1 0 0 0 1 32123b.dat
1 71 -60 -30 -120 0 1 0 -1 0 0 0 0 1 2736.dat
1 71 -60 -30 40 0 1 0 -1 0 0 0 0 1 2736.dat
1 0 -40 -50 -120 0 -1 0 1 0 0 0 0 1 6628.dat
1 71 0 -20 70 1 0 0 0 1 0 0 0 1 3713.dat
1 71 0 -20 -150 -1 0 0 0 1 0 0 0 -1 3713.dat
1 0 -60 -18 -120 -1 0 0 0 -1 0 0 0 1 32293.dat
0 
0 NOFILE
0
0 FILE wheelholder.ldr
0 wheelholder
0 Name: wheelholder.ldr
0 Author: Hedgie
0 Unofficial Model
0 ROTATION CENTER 0 0 0 1 "Custom" 
0 ROTATION CONFIG 0 0
1 28 0 -8 0 0 -1 0 1 0 0 0 0 1 15462.dat
1 0 0 30 0 0 0 1 0 1 0 -1 0 0 60483.dat
1 0 0 -5 0 0 0 -1 0 1 0 1 0 0 6632.dat
1 0 0 -15 0 0 0 -1 0 1 0 1 0 0 6632.dat
1 0 0 10 0 0 1 0 1 0 0 0 0 -1 6536.dat
1 0 0 -30 0 0 0 1 0 1 0 -1 0 0 60483.dat
1 0 0 -50 0 0 0 1 0 1 0 -1 0 0 60483.dat
1 0 20 40 0 0 1 0 -1 0 0 0 0 1 6628.dat
0 
0 NOFILE
0
0 FILE spring.ldr
0 spring
0 Name: spring.ldr
0 Author: Hedgie
0 Unofficial Model
0 ROTATION CENTER 0 0 0 1 "Custom" 
0 ROTATION CONFIG 0 0
1 14 0 0 0 1 0 0 0 1 0 0 0 1 2909.dat
1 0 0 120 0 1 0 0 0 1 0 0 0 1 2910.dat
1 383 0 -7 0 1 0 0 0 1 0 0 0 1 110.dat
0 
0 
0 
0 NOFILE
0
0 FILE dion-axle.ldr
0 dion-axle
0 Name: dion-axle.ldr
0 Author: Hedgie
0 Unofficial Model
0 ROTATION CENTER 0 0 0 1 "Custom" 
0 ROTATION CONFIG 0 0
1 71 0 0 0 -1 0 0 0 1 0 0 0 -1 92910.dat
1 72 0 0 100 0 0 -1 1 0 0 0 -1 0 62821.dat
1 19 0 0 117 -1 0 0 0 1 0 0 0 -1 6589.dat
1 19 -17 0 100 0 0 1 0 1 0 -1 0 0 6589.dat
1 19 17.5 0 100 0 0 -1 0 1 0 1 0 0 6589.dat
1 71 40 0 100 1 0 0 0 1 0 0 0 1 4519.dat
1 71 -40 0 100 1 0 0 0 1 0 0 0 1 4519.dat
1 71 0 0 40 0 0 1 0 1 0 -1 0 0 4519.dat
1 19 0 0 60 1 0 0 0 1 0 0 0 1 32269.dat
1 71 0 0 0 1 0 0 0 1 0 0 0 1 61903.dat
1 0 -50 0 60 1 0 0 0 1 0 0 0 1 4459.dat
1 0 50 0 60 1 0 0 0 1 0 0 0 1 4459.dat
1 71 -70 0 100 0 0 1 0 1 0 -1 0 0 59443.dat
1 71 70 0 100 0 0 1 0 1 0 -1 0 0 59443.dat
1 72 127 0 100 1 0 0 0 1 0 0 0 1 59426.dat
1 72 -127.5 0 100 -1 0 0 0 1 0 0 0 -1 59426.dat
1 72 60 0 60 0 0 -1 -1 0 0 0 1 0 42003.dat
1 72 -60 0 60 0 0 -1 -1 0 0 0 1 0 42003.dat
1 1 80 0 80 1 0 0 0 1 0 0 0 1 6558.dat
1 1 -80 0 80 -1 0 0 0 1 0 0 0 -1 6558.dat
1 1 -60 -10 40 0 -1 0 1 0 0 0 0 1 43093.dat
1 1 60 -10 40 0 -1 0 1 0 0 0 0 1 43093.dat
1 71 80 0 80 0 -1 0 1 0 0 0 0 1 87082.dat
1 71 -80 0 80 0 -1 0 1 0 0 0 0 1 87082.dat
1 1 40 -20 40 0 1 0 -1 0 0 0 0 1 6558.dat
1 1 -40 -20 40 0 1 0 -1 0 0 0 0 1 6558.dat
1 72 100 0 100 0 1 0 -1 0 0 0 0 1 32523.dat
1 72 -100 0 100 0 1 0 -1 0 0 0 0 1 32523.dat
1 0 90 0 120 1 0 0 0 1 0 0 0 1 4459.dat
1 0 -90 0 120 1 0 0 0 1 0 0 0 1 4459.dat
1 71 80 0 120 0 -1 0 1 0 0 0 0 1 87082.dat
1 71 -80 0 120 0 -1 0 1 0 0 0 0 1 87082.dat
1 71 120 0 100 0 0 1 0 1 0 -1 0 0 3713.dat
1 71 -120 0 100 0 0 -1 0 1 0 1 0 0 3713.dat
1 72 80 -20 120 -1 0 0 0 1 0 0 0 -1 32526.dat
1 72 -80 -20 120 1 0 0 0 -1 0 0 0 -1 32526.dat
1 71 0 -20 40 0 1 0 0 0 1 1 0 0 48989.dat
1 72 80 20 140 -1 0 0 0 1 0 0 0 -1 32348.dat
1 72 -80 20 140 1 0 0 0 -1 0 0 0 -1 32348.dat
1 4 -80 10 140 0 1 0 -1 0 0 0 0 1 32062.dat
1 4 80 10 140 0 1 0 -1 0 0 0 0 1 32062.dat
1 72 0 -40 40 0 0 1 0 1 0 -1 0 0 32316.dat
1 72 80 -20 140 0 -1 0 0 0 -1 1 0 0 32013.dat
1 72 -80 -20 140 0 -1 0 0 0 -1 1 0 0 32013.dat
1 71 80 -20 150 0 0 1 0 1 0 -1 0 0 3673.dat
1 71 -80 -20 150 0 0 1 0 1 0 -1 0 0 3673.dat
0 
0 NOFILE
0
0 FILE lateral.ldr
0 lateral
0 Name: lateral.ldr
0 Author: Hedgie
0 Unofficial Model
0 ROTATION CENTER 0 0 0 1 "Custom" 
0 ROTATION CONFIG 0 0
1 1 0 0 0 -1 0 0 0 1 0 0 0 -1 6558.dat
1 71 5 -40 0 0 -1 0 0 0 1 -1 0 0 99773.dat
0 
1 4 -10 -40 -40 1 0 0 0 1 0 0 0 1 32062.dat
1 4 -10 -40 40 1 0 0 0 1 0 0 0 1 32062.dat
1 71 -5 10.5 40 0 1 0 -0.968148 0 0.25038 0.25038 0 0.968148 32017.dat
1 71 -10 -40 -60 1 0 0 0 -1 0 0 0 -1 32039.dat
1 71 -10 -40 60 -1 0 0 0 -1 0 0 0 1 32039.dat
1 71 -15 10.5 -40 0 -1 0 -0.968148 0 0.25038 -0.25038 0 -0.968148 32017.dat
1 71 -25 -40 0 0 -1 0 0 0 1 -1 0 0 99773.dat
1 4 -10 -40 -70 0 0 1 0 1 0 -1 0 0 32062.dat
1 4 -10 -40 70 0 0 1 0 1 0 -1 0 0 32062.dat
0 
0 NOFILE
0
0 FILE skirt.ldr
0 skirt
0 Name: skirt.ldr
0 Author: Hedgie
0 Unofficial Model
0 ROTATION CENTER 0 0 0 1 "Custom" 
0 ROTATION CONFIG 0 0
1 0 0 0 0 -1 0 0 0 0 -1 0 -1 0 32013.dat
1 0 0 146.5 0 1 0 0 0 0 1 0 -1 0 32013.dat
1 0 0 70 0 0 1 0 -1 0 0 0 0 1 3706.dat
0 
0 NOFILE
0
0 FILE rear-shocks.ldr
0 rear-shocks
0 Name: rear-shocks.ldr
0 Author: Hedgie
0 Unofficial Model
0 ROTATION CENTER 0 0 0 1 "Custom" 
0 ROTATION CONFIG 0 0
1 71 0 0 0 1 0 0 0 1 0 0 0 1 59443.dat
1 72 0 0 -57 0 0 1 0 1 0 -1 0 0 59426.dat
1 72 0 0 57.5 0 0 1 0 -1 0 1 0 0 59426.dat
1 71 0 -10 30 1 0 0 0 1 0 0 0 1 3700.dat
1 71 0 -10 -30 -1 0 0 0 1 0 0 0 -1 3700.dat
1 0 0 14 0 0 0 1 0 1 0 -1 0 0 3020.dat
1 0 0 -18 0 0 0 1 0 1 0 -1 0 0 3020.dat
1 0 -9 41.5 -50 -0.970296 0.241922 0 0.241922 0.970296 0 0 0 -1 spring.ldr
1 0 -9 41.5 50 -0.970296 0.241922 0 0.241922 0.970296 0 0 0 -1 spring.ldr
1 71 0 0 65 1 0 0 0 1 0 0 0 1 32123b.dat
1 71 0 0 -65 1 0 0 0 1 0 0 0 1 32123b.dat
1 71 0 0 80 1 0 0 0 1 0 0 0 1 3713.dat
1 71 0 0 -80 -1 0 0 0 1 0 0 0 -1 3713.dat
1 71 -20 -42 0 0 0 -1 0 1 0 1 0 0 58123.dat
1 4 21 154 -50 0 -0.113203 0.993572 0 0.993572 0.113203 -1 0 0 32062.dat
1 4 21 154 50 0 -0.113203 0.993572 0 0.993572 0.113203 -1 0 0 32062.dat
1 71 21 154 50 0 -0.113203 0.993572 0 0.993572 0.113203 -1 0 0 41678.dat
1 71 21 154 -50 0 -0.113203 0.993572 0 0.993572 0.113203 -1 0 0 41678.dat
1 71 -0.004 161.671 -40 -0.113203 0 0.993572 0.993572 0 0.113203 0 1 0 3673.dat
1 71 -0.004 161.671 40 -0.113203 0 0.993572 0.993572 0 0.113203 0 1 0 3673.dat
1 0 0 -105.829 30 1 0 0 0 1 0 0 0 1 3069b.dat
1 0 0 -105.829 -30 1 0 0 0 1 0 0 0 1 3069b.dat
0 
0 NOFILE
0
0 FILE tailgate.ldr
0 tailgate
0 Name: tailgate.ldr
0 Author: Hedgie
0 Unofficial Model
0 ROTATION CENTER 0 0 0 1 "Custom" 
0 ROTATION CONFIG 0 0
1 4 6 -38 0 0 -1 0 0 0 -1 1 0 0 64782.dat
1 4 6 -98 0 0 0 -1 1 0 0 0 -1 0 32054.dat
1 0 6 -98.5 0 0 0 1 0 1 0 -1 0 0 87082.dat
1 1 6 2 120 0 0 -1 0 1 0 1 0 0 6558.dat
1 1 6 2 -120 0 0 1 0 1 0 -1 0 0 6558.dat
1 0 6 -97.5 30 0 0 1 0 -1 0 1 0 0 62462.dat
1 0 6 -97.5 50 0 0 1 0 1 0 -1 0 0 4459.dat
1 0 6 -97.5 -30 0 0 1 0 -1 0 1 0 0 62462.dat
1 0 6 -97.5 -50 0 0 1 0 1 0 -1 0 0 4459.dat
1 0 6 -97.5 70 0 0 1 0 -1 0 1 0 0 62462.dat
1 0 6 -97.5 -70 0 0 1 0 -1 0 1 0 0 62462.dat
1 0 6 -97.5 90 0 0 1 0 1 0 -1 0 0 4459.dat
1 0 6 -97.5 -90 0 0 1 0 1 0 -1 0 0 4459.dat
1 4 -58 -46 -120 0.600001 0 -0.799999 -0.799999 0 -0.600001 0 1 0 40490.dat
1 4 -58 -46 120 0.600001 0 -0.799999 -0.799999 0 -0.600001 0 1 0 40490.dat
1 1 -122.5 -94 110 0 0.799999 0.600001 0 0.600001 -0.799999 -1 0 0 43093.dat
1 1 -122.5 -94 -110 0 0.799999 -0.600001 0 0.600001 0.799999 1 0 0 43093.dat
1 0 -10 -10 -130 0 0 1 0 1 0 -1 0 0 4459.dat
1 0 -10 -10 130 0 0 1 0 1 0 -1 0 0 4459.dat
1 4 -122 -94 -105 -0.600001 0 0.799999 0.799999 0 0.600001 0 1 0 6632.dat
1 4 -122 -94 -95 -0.600001 0 0.799999 0.799999 0 0.600001 0 1 0 6632.dat
1 4 -122 -94 95 -0.600001 0 0.799999 0.799999 0 0.600001 0 1 0 6632.dat
1 4 -122 -94 105 -0.600001 0 0.799999 0.799999 0 0.600001 0 1 0 6632.dat
1 4 -2.5 -4 -140 0.600001 0 -0.799999 -0.799999 0 -0.600001 0 1 0 43857.dat
1 4 -2.5 -4 140 0.600001 0 -0.799999 -0.799999 0 -0.600001 0 1 0 43857.dat
0 
0 NOFILE
0
0 FILE shock-ass.ldr
0 shock-ass
0 Name: shock-ass.ldr
0 Author: Hedgie
0 Unofficial Model
0 ROTATION CENTER 0 0 0 1 "Custom" 
0 ROTATION CONFIG 0 0
1 0 0 0 0 1 0 0 0 1 0 0 0 1 tailgate.ldr
1 0 -106 -82 0 1 0 0 0 1 0 0 0 1 rear-shocks.ldr
0 
0 NOFILE
0
0 FILE left-taillight.ldr
0 left-taillight
0 Name: left-taillight.ldr
0 Author: Hedgie
0 Unofficial Model
0 ROTATION CENTER 0 0 0 1 "Custom" 
0 ROTATION CONFIG 0 0
1 4 0 0 0 1 0 0 0 1 0 0 0 1 87086.dat
1 71 20 -40 -10 0 0 1 0 1 0 -1 0 0 4274.dat
1 71 20 -20 -10 0 0 1 0 1 0 -1 0 0 4274.dat
1 71 20 0 -10 0 0 1 0 1 0 -1 0 0 4274.dat
1 0 0 10 40 0 -1 0 1 0 0 0 0 1 4459.dat
1 0 0 10 60 0 -1 0 1 0 0 0 0 1 4459.dat
1 4 0 20 20 1 0 0 0 0 -1 0 1 0 6536.dat
1 4 0 20 60 0 0 -1 1 0 0 0 -1 0 32014.dat
1 4 30 20 60 1 0 0 0 1 0 0 0 1 32062.dat
1 36 20 -40 -18 1 0 0 0 0 -1 0 1 0 4073.dat
1 57 20 -20 -18 1 0 0 0 0 -1 0 1 0 4073.dat
1 36 20 0 -18 1 0 0 0 0 -1 0 1 0 4073.dat
0 
0 NOFILE
0
0 FILE right-taillight.ldr
0 right-taillight
0 Name: right-taillight.ldr
0 Author: Hedgie
0 Unofficial Model
0 ROTATION CENTER 0 0 0 1 "Custom" 
0 ROTATION CONFIG 0 0
1 4 0 0 0 0 0 -1 0 1 0 1 0 0 87080.dat
1 71 10 -40 -20 1 0 0 0 1 0 0 0 1 4274.dat
1 71 10 -20 -20 1 0 0 0 1 0 0 0 1 4274.dat
1 71 10 0 -20 1 0 0 0 1 0 0 0 1 4274.dat
1 0 -40 10 0 0 0 -1 1 0 0 0 -1 0 4459.dat
1 0 -60 10 0 0 0 -1 1 0 0 0 -1 0 4459.dat
1 4 -20 20 0 0 -1 0 0 0 -1 1 0 0 6536.dat
1 4 -60 20 0 0 0 1 1 0 0 0 1 0 32014.dat
1 4 -60 20 -30 0 0 -1 0 1 0 1 0 0 32062.dat
1 36 18 -40 -20 0 -1 0 0 0 -1 1 0 0 4073.dat
1 57 18 -20 -20 0 -1 0 0 0 -1 1 0 0 4073.dat
1 36 18 0 -20 0 -1 0 0 0 -1 1 0 0 4073.dat
0 
0 NOFILE
0
0 FILE rear-bumper.ldr
0 rear-bumper
0 Name: rear-bumper.ldr
0 Author: Hedgie
0 Unofficial Model
0 ROTATION CENTER 0 0 0 1 "Custom" 
0 ROTATION CONFIG 0 0
1 4 0 0 0 -1 0 0 0 -1 0 0 0 1 41239.dat
1 0 0 10 -100 0 1 0 -1 0 0 0 0 1 4459.dat
1 0 0 10 -80 0 1 0 -1 0 0 0 0 1 4459.dat
1 0 0 10 80 0 1 0 -1 0 0 0 0 1 4459.dat
1 0 0 10 100 0 1 0 -1 0 0 0 0 1 4459.dat
1 1 0 10 20 0 -1 0 1 0 0 0 0 1 43093.dat
1 1 0 10 -20 0 -1 0 1 0 0 0 0 1 43093.dat
1 71 0 -10 -120 0 1 0 -1 0 0 0 0 1 4274.dat
1 71 0 -10 -60 0 1 0 -1 0 0 0 0 1 4274.dat
1 71 0 -10 -40 0 1 0 -1 0 0 0 0 1 4274.dat
1 71 0 -10 0 0 1 0 -1 0 0 0 0 1 4274.dat
1 71 0 -10 40 0 1 0 -1 0 0 0 0 1 4274.dat
1 71 0 -10 60 0 1 0 -1 0 0 0 0 1 4274.dat
1 71 0 -10 120 0 1 0 -1 0 0 0 0 1 4274.dat
1 4 0 -18 80 0 0 1 0 1 0 -1 0 0 3666.dat
1 4 0 -18 -80 0 0 1 0 1 0 -1 0 0 3666.dat
1 4 0 -18 0 0 0 1 0 1 0 -1 0 0 3023.dat
1 4 0 -26 0 0 0 1 0 1 0 -1 0 0 3069b.dat
1 4 0 -26 80 0 0 1 0 1 0 -1 0 0 6636.dat
1 4 0 -26 -80 0 0 1 0 1 0 -1 0 0 6636.dat
1 4 0 20 40 -1 0 0 0 -1 0 0 0 1 11946.dat
1 4 0 20 -40 1 0 0 0 -1 0 0 0 -1 11947.dat
1 71 0 20 0 0 0 1 1 0 0 0 1 0 32184.dat
0 
0 NOFILE
0
0 FILE headlight.ldr
0 headlight
0 Name: headlight.ldr
0 Author: Hedgie
0 Unofficial Model
0 ROTATION CENTER 0 0 0 1 "Custom" 
0 ROTATION CONFIG 0 0
1 0 0 0 0 1 0 0 0 0 1 0 -1 0 6553.dat
1 0 0 0 -30 0 0 1 1 0 0 0 1 0 60483.dat
1 47 0 0 -50 0 0 -1 -1 0 0 0 1 0 41669.dat
0 
0 NOFILE
0
0 FILE chairs.ldr
0 chairs
0 Name: chairs.ldr
0 Author: Hedgie
0 Unofficial Model
0 ROTATION CENTER 0 0 0 1 "Custom" 
0 ROTATION CONFIG 0 0
1 0 0 0 0 1 0 0 0 1 0 0 0 1 59443.dat
1 0 80 0 0 1 0 0 0 1 0 0 0 1 59443.dat
1 72 0 0 57 0 0 -1 0 1 0 1 0 0 59426.dat
1 72 0 0 -57 0 0 1 0 1 0 -1 0 0 59426.dat
1 0 80 0 60 0 0 1 0 1 0 -1 0 0 3706.dat
1 0 80 0 -60 0 0 1 0 1 0 -1 0 0 3706.dat
1 72 20 0 30 0 0 1 1 0 0 0 1 0 32524.dat
1 72 20 0 -30 0 0 1 1 0 0 0 1 0 32524.dat
1 72 140 0 -70 1 0 0 0 1 0 0 0 1 chairspine.ldr
1 72 140 0 50 1 0 0 0 1 0 0 0 1 chairspine.ldr
1 72 40 0 90 0 0 1 1 0 0 0 1 0 32316.dat
1 72 40 0 -90 0 0 1 1 0 0 0 1 0 32316.dat
1 0 40 0 -105 0 0 1 1 0 0 0 1 0 11478.dat
1 0 40 0 105 0 0 1 1 0 0 0 1 0 11478.dat
0 
0 NOFILE
0
0 FILE chairspine.ldr
0 chairspine
0 Name: chairspine.ldr
0 Author: Hedgie
0 Unofficial Model
0 ROTATION CENTER 0 0 0 1 "Custom" 
0 ROTATION CONFIG 0 0
1 0 -60 0 20 0 0 1 0 1 0 -1 0 0 32013.dat
1 0 -60.001 0 0 0 0 1 0 1 0 -1 0 0 32013.dat
1 71 -100 0 0 1 0 0 0 1 0 0 0 1 4519.dat
1 71 -100 0 20 1 0 0 0 1 0 0 0 1 4519.dat
1 0 -100 0 0 0 -1 0 1 0 0 0 0 1 60483.dat
1 0 -140.001 0 20.001 0 0 -1 0 1 0 1 0 0 32015.dat
1 0 -140 0 -0.001 0 0 -1 0 1 0 1 0 0 32015.dat
1 4 -152.001 -28 0.001 -0.382683 0 0.92388 -0.92388 0 -0.382683 0 -1 0 32062.dat
1 4 -152 -28 20 -0.382683 0 0.92388 -0.92388 0 -0.382683 0 -1 0 32062.dat
1 0 -163.002 -55.5 20 0 0.92388 -0.382683 0 -0.382683 -0.92388 -1 0 0 32034.dat
1 0 -163 -55.5 0 0 0.92388 -0.382683 0 -0.382683 -0.92388 -1 0 0 32034.dat
1 4 -174.999 -84.5 0 -0.382683 0 0.92388 -0.92388 0 -0.382683 0 -1 0 32062.dat
1 4 -175.001 -84.5 20.001 -0.382683 0 0.92388 -0.92388 0 -0.382683 0 -1 0 32062.dat
1 0 -186.001 -111 20.001 0 -0.92388 -0.382683 0 0.382683 -0.92388 1 0 0 32016.dat
1 0 -186.001 -111 0.001 0 -0.92388 -0.382683 0 0.382683 -0.92388 1 0 0 32016.dat
1 0 -186.001 -161 0.001 0 0 1 -1 0 0 0 -1 0 3705.dat
1 0 -186.001 -161 20.001 0 0 1 -1 0 0 0 -1 0 3705.dat
1 72 -186.001 -151 20.001 -1 0 0 0 1 0 0 0 -1 60483.dat
1 72 -186.001 -171 0.001 1 0 0 0 1 0 0 0 1 60483.dat
1 72 -186.001 -191 20.001 -1 0 0 0 1 0 0 0 -1 60483.dat
1 71 -162.499 -55.5 10 0 0.382683 0.92388 0 0.92388 -0.382683 -1 0 0 32073.dat
1 71 -186 -111 10 0 0.382683 0.92388 0 0.92388 -0.382683 -1 0 0 32073.dat
1 72 -170.5 -74 40 -0.92388 0 -0.382683 0.382683 0 -0.92388 0 -1 0 32524.dat
1 72 -170.5 -74 -20 -0.92388 0 -0.382683 0.382683 0 -0.92388 0 -1 0 32524.dat
1 0 -174.5 -83 -35 -0.92388 0 -0.382683 0.382683 0 -0.92388 0 -1 0 32449.dat
1 0 -174.5 -83 55 -0.92388 0 -0.382683 0.382683 0 -0.92388 0 -1 0 32449.dat
0 
0 NOFILE
0
0 FILE dashboard.ldr
0 dashboard
0 Name: dashboard.ldr
0 Author: Hedgie
0 Unofficial Model
0 ROTATION CENTER 0 0 0 1 "Custom" 
0 ROTATION CONFIG 0 0
1 0 0 0 0 1 0 0 0 1 0 0 0 1 59443.dat
1 0 40 40 0 1 0 0 0 1 0 0 0 1 59443.dat
1 71 0 0 -70 0 0 1 0 1 0 -1 0 0 44294.dat
1 71 0 0 70 0 0 1 0 1 0 -1 0 0 44294.dat
1 71 40 40 50 0 0 1 0 1 0 -1 0 0 32073.dat
1 71 40 40 -50 0 0 1 0 1 0 -1 0 0 32073.dat
1 0 0 40 -25 0 0 1 -1 0 0 0 -1 0 32249.dat
1 0 0 40 25 0 0 1 -1 0 0 0 -1 0 32249.dat
1 0 40 40 -40 0 0 -1 1 0 0 0 -1 0 60483.dat
1 0 40 40 40 0 0 -1 1 0 0 0 -1 0 60483.dat
1 0 40 40 60 0 0 -1 1 0 0 0 -1 0 60483.dat
1 0 40 40 80 0 0 -1 1 0 0 0 -1 0 60483.dat
1 0 0 0 40 -1 0 0 0 0 1 0 1 0 60483.dat
1 0 0 0 60 -1 0 0 0 0 1 0 1 0 60483.dat
1 0 0 0 80 -1 0 0 0 0 1 0 1 0 60483.dat
1 0 20 20 -80 1 0 0 0 1 0 0 0 1 steeringwheel.ldr
1 0 40 40 -80 0 0 -1 1 0 0 0 -1 0 60483.dat
1 0 40 0 95 0 0 -1 1 0 0 0 -1 0 32056.dat
1 0 40 0 -95 0 0 -1 1 0 0 0 -1 0 32056.dat
1 0 20 0 -120 0 -1 0 0 0 1 -1 0 0 92907.dat
1 0 20 0 120 0 -1 0 0 0 1 -1 0 0 92907.dat
0 
0 NOFILE
0
0 FILE steeringwheel.ldr
0 steeringwheel
0 Name: steeringwheel.ldr
0 Author: Hedgie
0 Unofficial Model
0 ROTATION CENTER 0 0 0 1 "Custom" 
0 ROTATION CONFIG 0 0
1 0 -20 0 20 1 0 0 0 -1 0 0 0 -1 42003.dat
1 4 -10 20 20 -1 0 0 0 1 0 0 0 -1 32062.dat
1 1 -20 0 20 0 0 -1 0 1 0 1 0 0 6558.dat
1 0 -10 0 40 0 0 -1 1 0 0 0 -1 0 43857.dat
1 1 0 0 20 0 0 1 0 1 0 -1 0 0 6558.dat
1 0 0 -20 20 0 0 -1 0 -1 0 -1 0 0 32557.dat
1 1 0 -20 20 0 0 -1 0 1 0 1 0 0 6558.dat
1 0 20 20 20 0 0 1 0 1 0 -1 0 0 32016.dat
1 71 10 -40 10 1 0 0 0 1 0 0 0 1 4274.dat
1 71 10 -40 30 1 0 0 0 1 0 0 0 1 4274.dat
1 0 -10 0 0 0 0 -1 1 0 0 0 -1 0 43857.dat
1 0 -20 -20 0 0 0 1 -1 0 0 0 -1 0 60483.dat
1 0 -20 -20 40 0 0 1 -1 0 0 0 -1 0 60483.dat
1 4 48 8.5 20 -0.92388 0.382683 0 0.382683 0.92388 0 0 0 -1 32062.dat
1 0 57.5 4 20 0 -0.92388 -0.382683 0 0.382683 -0.92388 1 0 0 2741.dat
1 71 17.5 -30 20 0 -1 0 1 0 0 0 0 1 4150.dat
0 
0 NOFILE
0
0 FILE left_door.ldr
0 left_door
0 Name: left_door.ldr
0 Author: Hedgie
0 Unofficial Model
0 ROTATION CENTER 0 0 0 1 "Custom" 
0 ROTATION CONFIG 0 0
1 4 0 0 0 1 0 0 0 -1 0 0 0 -1 64682.dat
1 0 0 -10 -40 0 0 -1 -1 0 0 0 1 0 4459.dat
1 0 0 -10 -80 0 0 -1 -1 0 0 0 1 0 4459.dat
1 0 0 0 10 0 0 -1 0 1 0 1 0 0 4459.dat
1 1 20 0 10 0 0 -1 0 1 0 1 0 0 43093.dat
1 1 20 20 10 0 0 -1 0 1 0 1 0 0 43093.dat
1 4 0 -40 -100 0 1 0 0 0 -1 -1 0 0 15458.dat
1 0 0 -20 10 0 0 -1 0 1 0 1 0 0 4459.dat
1 0 10 -20 -180 1 0 0 0 1 0 0 0 1 4459.dat
1 0 10 -60 -180 1 0 0 0 1 0 0 0 1 4459.dat
1 0 20 0 20 0 -1 0 -1 0 0 0 0 -1 32126.dat
1 0 20 20 20 0 1 0 1 0 0 0 0 -1 32126.dat
1 0 0 -40 -210 0 0 1 0 1 0 -1 0 0 4459.dat
1 1 20 20 40 0 0 -1 1 0 0 0 -1 0 43093.dat
1 0 20 -80 -180 0 1 0 0 0 1 1 0 0 32524.dat
1 4 0 -60 20 1 0 0 0 0 1 0 -1 0 64391.dat
1 0 20 -70 40 0 -1 0 1 0 0 0 0 1 4459.dat
1 0 0 -70 20 0 -1 0 1 0 0 0 0 1 4459.dat
1 4 0 -50 -220 1 0 0 0 0 -1 0 1 0 43857.dat
1 0 20 50 40 -1 0 0 0 0 1 0 1 0 32013.dat
1 4 0 -60 -220 0 1 0 0 0 1 1 0 0 32054.dat
1 0 0 -90 -10 1 0 0 0 0 -1 0 1 0 mirror.ldr
0 
0 NOFILE
0
0 FILE mirror.ldr
0 mirror
0 Name: mirror.ldr
0 Author: Hedgie
0 Unofficial Model
0 ROTATION CENTER 0 0 0 1 "Custom" 
0 ROTATION CONFIG 0 0
1 0 0 20 0 0 0 1 0 1 0 -1 0 0 2817.dat
1 0 -20 4 0 1 0 0 0 1 0 0 0 1 3068b.dat
1 0 -10 12 0 1 0 0 0 1 0 0 0 1 3021.dat
0 
0 NOFILE
0
0 FILE right_door.ldr
0 right_door
0 Name: right_door.ldr
0 Author: Hedgie
0 Unofficial Model
0 ROTATION CENTER 0 0 0 1 "Custom" 
0 ROTATION CONFIG 0 0
1 4 140 0 0 0 0 1 0 -1 0 1 0 0 64392.dat
1 0 180 -10 0 0 -1 0 -1 0 0 0 0 -1 4459.dat
1 0 220 -10 0 0 -1 0 -1 0 0 0 0 -1 4459.dat
1 0 130 0 0 -1 0 0 0 1 0 0 0 -1 4459.dat
1 1 130 0 -20 -1 0 0 0 1 0 0 0 -1 43093.dat
1 1 130 20 -20 -1 0 0 0 1 0 0 0 -1 43093.dat
1 0 350 -40 0 1 0 0 0 1 0 0 0 1 4459.dat
1 4 240 -40 0 -1 0 0 0 0 -1 0 -1 0 15458.dat
1 0 130 -20 0 -1 0 0 0 1 0 0 0 -1 4459.dat
1 0 320 -20 -10 0 0 -1 0 1 0 1 0 0 4459.dat
1 0 320 -60 -10 0 0 -1 0 1 0 1 0 0 4459.dat
1 0 120 0 -20 0 0 1 -1 0 0 0 -1 0 32126.dat
1 0 120 20 -20 0 0 1 1 0 0 0 1 0 32126.dat
1 0 320 -80 -20 -1 0 0 0 0 1 0 1 0 32524.dat
1 4 120 -60 0 0 1 0 0 0 1 1 0 0 64683.dat
1 0 100 -70 -20 0 0 -1 1 0 0 0 -1 0 4459.dat
1 0 120 -70 0 0 0 -1 1 0 0 0 -1 0 4459.dat
1 4 360 -50 0 0 -1 0 0 0 -1 1 0 0 43857.dat
1 1 100 20 -20 0 1 0 1 0 0 0 0 -1 43093.dat
1 0 100 50 -20 0 -1 0 0 0 1 -1 0 0 32013.dat
1 0 150 -90 0 0 -1 0 0 0 1 -1 0 0 mirror.ldr
1 4 360 -60 0 -1 0 0 0 0 1 0 1 0 32054.dat
0 
0 
0 NOFILE
0
0 FILE hood.ldr
0 hood
0 Name: hood.ldr
0 Author: Hedgie
0 Unofficial Model
0 ROTATION CENTER 0 0 0 1 "Custom" 
0 ROTATION CONFIG 0 0
1 4 0 50 0 0 -1 0 0 0 -1 1 0 0 32526.dat
1 71 20 -30 20 1 0 0 0 1 0 0 0 1 32073.dat
1 0 20 -10 0 1 0 0 0 1 0 0 0 1 3706.dat
1 0 20 -30 20 1 0 0 0 -0.799999 0.600001 0 -0.600001 -0.799999 6536.dat
1 4 15 -10 0 0 1 0 0 0 1 1 0 0 41677.dat
1 4 25 -10 0 0 1 0 0 0 1 1 0 0 41677.dat
1 0 20 50 0 1 0 0 0 1 0 0 0 1 3705.dat
1 4 20 50 0 0 0 -1 0 -1 0 -1 0 0 42003.dat
1 4 40 50 0 0 -1 0 0 0 -1 1 0 0 32526.dat
1 0 -20 -30 20 1 0 0 0 -0.799999 0.600001 0 -0.600001 -0.799999 6536.dat
1 0 60 -30 20 1 0 0 0 -0.799999 0.600001 0 -0.600001 -0.799999 6536.dat
1 4 55 20 0 0 1 0 0 0 1 1 0 0 32449.dat
1 4 -15 20 0 0 1 0 0 0 1 1 0 0 32449.dat
1 4 70 -10 0 0 0 1 0 -1 0 1 0 0 11946.dat
1 4 -30 -10 0 0 0 -1 0 -1 0 -1 0 0 11947.dat
1 71 -90 -20 0 0 1 0 -1 0 0 0 0 1 4274.dat
1 71 -70 -20 0 0 1 0 -1 0 0 0 0 1 4274.dat
1 71 110 -20 0 0 1 0 -1 0 0 0 0 1 4274.dat
1 71 130 -20 0 0 1 0 -1 0 0 0 0 1 4274.dat
1 4 -10 30 0 1 0 0 0 1 0 0 0 1 32054.dat
1 4 50 30 0 -1 0 0 0 1 0 0 0 -1 32054.dat
1 4 -70 -28 0 1 0 0 0 1 0 0 0 1 3710.dat
1 4 110 -28 0 1 0 0 0 1 0 0 0 1 3710.dat
1 57 -100 -36 0 1 0 0 0 1 0 0 0 1 3024.dat
1 57 140 -36 0 1 0 0 0 1 0 0 0 1 3024.dat
1 4 -70 -36 0 1 0 0 0 1 0 0 0 1 3069b.dat
1 4 110 -36 0 1 0 0 0 1 0 0 0 1 3069b.dat
1 4 -40 -52 20 1 0 0 0 1 0 0 0 1 3040b.dat
1 4 80 -52 20 1 0 0 0 1 0 0 0 1 3040b.dat
1 4 20 -82 56 1 0 0 0 0.600001 0.799999 0 -0.799999 0.600001 hoodtop.ldr
0 
0 NOFILE
0
0 FILE hoodtop.ldr
0 hoodtop
0 Name: hoodtop.ldr
0 Author: Hedgie
0 Unofficial Model
0 ROTATION CENTER 0 0 0 1 "Custom" 
0 ROTATION CONFIG 0 0
1 4 0 0 0 0 0 1 0 1 0 -1 0 0 41239.dat
1 0 -120 10 0 0 -1 0 1 0 0 0 0 1 4459.dat
1 0 -100 10 0 0 -1 0 1 0 0 0 0 1 4459.dat
1 0 100 10 0 0 -1 0 1 0 0 0 0 1 4459.dat
1 0 120 10 0 0 -1 0 1 0 0 0 0 1 4459.dat
1 1 -20 20 0 0 0 1 1 0 0 0 1 0 6558.dat
1 1 20 20 0 0 0 1 1 0 0 0 1 0 6558.dat
1 0 -60 -20 0 0 1 0 1 0 0 0 0 -1 87082.dat
1 0 60 -20 0 0 1 0 1 0 0 0 0 -1 87082.dat
1 4 0 20 0 0 0 1 0 1 0 -1 0 0 32316.dat
1 4 60 20 0 0 0 1 0 -1 0 1 0 0 11946.dat
1 4 -60 20 0 0 0 -1 0 -1 0 -1 0 0 11947.dat
1 1 -40 40 0 0 0 1 1 0 0 0 1 0 6558.dat
1 1 40 40 0 0 0 1 1 0 0 0 1 0 6558.dat
1 0 -60 -40 20 -1 0 0 0 0 -1 0 -1 0 42003.dat
1 0 60 -40 20 -1 0 0 0 0 -1 0 -1 0 42003.dat
1 0 -60 -50 20 0 0 1 1 0 0 0 1 0 4459.dat
1 0 60 -50 20 0 0 1 1 0 0 0 1 0 4459.dat
1 4 0 40 0 0 0 1 0 1 0 -1 0 0 32316.dat
1 0 0 50 0 0 0 1 1 0 0 0 1 0 4459.dat
1 0 0 -60 20 0 0 1 0 1 0 -1 0 0 40490.dat
0 
0 NOFILE
0
0 FILE left_blinker.ldr
0 left_blinker
0 Name: left_blinker.ldr
0 Author: Hedgie
0 Unofficial Model
0 ROTATION CENTER 0 0 0 1 "Custom" 
0 ROTATION CONFIG 0 0
1 71 0 0 0 0 1 0 -1 0 0 0 0 1 57585.dat
1 28 -18 0 0 1 0 0 0 1 0 0 0 1 6587.dat
1 0 -15 0 0 0 1 0 1 0 0 0 0 -1 41677.dat
1 0 -25 0 0 0 1 0 1 0 0 0 0 -1 41677.dat
1 4 0 0 30 1 0 0 0 1 0 0 0 1 59443.dat
1 0 -50 0 -20 1 0 0 0 1 0 0 0 1 3705.dat
1 4 0 17 -11 -1 0 0 0 0.522499 0.85264 0 0.85264 -0.522499 11946.dat
1 4 0 -17 -10 0 -1 0 0.492424 0 0.870356 -0.870356 0 0.492424 3713.dat
1 57 20 0 0 0 -1 0 1 0 0 0 0 1 4073.dat
0 
0 NOFILE
0
0 FILE right_blinker.ldr
0 right_blinker
0 Name: right_blinker.ldr
0 Author: Hedgie
0 Unofficial Model
0 ROTATION CENTER 0 0 0 1 "Custom" 
0 ROTATION CONFIG 0 0
1 71 0 0 0 0 1 0 -1 0 0 0 0 1 57585.dat
1 28 18 0 0 -1 0 0 0 1 0 0 0 -1 6587.dat
1 0 15 0 -20 0 -1 0 1 0 0 0 0 1 41677.dat
1 0 25 0 -20 0 -1 0 1 0 0 0 0 1 41677.dat
1 4 0 0 30 1 0 0 0 1 0 0 0 1 59443.dat
1 0 50 0 -20 -1 0 0 0 1 0 0 0 -1 3705.dat
1 4 0 17 -11 -1 0 0 0 0.522499 0.85264 0 0.85264 -0.522499 11947.dat
1 4 0 -17 -10 0 -1 0 0.492424 0 0.870356 -0.870356 0 0.492424 3713.dat
1 57 -20 0 0 0 1 0 1 0 0 0 0 -1 4073.dat
0 
0 
0 
0 
0 
0 
0 NOFILE
0 
0 
0 
0
0
