0 FILE main.ldr
0 Name: pullback
0 Author: Jaap Joris Vens
0 !LICENSE Creative Commons BY-SA
0 FILE a.ldr
0 Author: Jaap Joris Vens
0 !LICENSE Creative Commons BY-SA
1 0 0 0 0 0 -1 0 0 0 -1 1 0 0 64179.dat
1 0 0 -40 20 0 -1 0 0 0 -1 1 0 0 15100.dat
1 0 0 40 20 0 -1 0 0 0 -1 1 0 0 15100.dat
1 0 0 40 -20 0 -1 0 0 0 1 -1 0 0 15100.dat
1 0 0 -40 -20 0 -1 0 0 0 1 -1 0 0 15100.dat
0 STEP
1 0 0 70 0 0 1 0 -1 0 0 0 0 1 2780.dat
1 1 0 -80 -20 0 1 0 -1 0 0 0 0 1 6558.dat
1 1 0 -80 20 0 1 0 -1 0 0 0 0 1 6558.dat
1 0 10 60 40 1 0 0 0 1 0 0 0 1 2780.dat
1 0 10 -20 -40 1 0 0 0 1 0 0 0 1 2780.dat
1 1 10 20 -40 1 0 0 0 1 0 0 0 1 43093.dat
0 STEP
0 BUFEXCHG A STORE
1 0 20 -150 90 0 -1 0 0 0 -1 1 0 0 6536.dat
1 0 20 -150 -90 0 -1 0 0 0 -1 1 0 0 6536.dat
1 0 20 -150 0 0 -1 0 0 0 -1 1 0 0 3706.dat
1 0 60 -150 0 0 0 -1 1 0 0 0 -1 0 11478.dat
1 0 20 -150 -130 0 0 1 0 -1 0 1 0 0 6536.dat
1 0 20 -150 130 0 0 1 0 -1 0 1 0 0 6536.dat
1 4 20 -150 -120 0 0 -1 1 0 0 0 -1 0 line.dat
1 4 20 -150 -160 0 0 -1 1 0 0 0 -1 0 line.dat
1 4 20 -150 60 0 0 -1 1 0 0 0 -1 0 line.dat
1 4 20 -150 100 0 0 -1 1 0 0 0 -1 0 line.dat
0 STEP
0 BUFEXCHG A RETRIEVE
0 BUFEXCHG A STORE
1 0 20 -150 20 0 -1 0 0 0 -1 1 0 0 6536.dat
1 0 20 -150 -20 0 -1 0 0 0 -1 1 0 0 6536.dat
1 0 20 -150 0 0 -1 0 0 0 -1 1 0 0 3706.dat
1 0 60 -150 0 0 0 -1 1 0 0 0 -1 0 11478.dat
1 0 20 -150 -40 0 0 1 0 -1 0 1 0 0 6536.dat
1 0 20 -150 40 0 0 1 0 -1 0 1 0 0 6536.dat
1 4 0 -160 20 1 0 0 0 -1 0 0 0 -1 line.dat
1 4 0 -200 20 1 0 0 0 -1 0 0 0 -1 line.dat
1 4 0 -160 -20 1 0 0 0 -1 0 0 0 -1 line.dat
1 4 0 -200 -20 1 0 0 0 -1 0 0 0 -1 line.dat
0 STEP
0 BUFEXCHG A RETRIEVE
1 0 20 -80 20 0 -1 0 0 0 -1 1 0 0 6536.dat
1 0 20 -80 -20 0 -1 0 0 0 -1 1 0 0 6536.dat
1 0 20 -80 0 0 -1 0 0 0 -1 1 0 0 3706.dat
1 0 60 -80 0 0 0 -1 1 0 0 0 -1 0 11478.dat
1 0 20 -80 40 0 0 1 0 -1 0 1 0 0 6536.dat
1 0 20 -80 -40 0 0 1 0 -1 0 1 0 0 6536.dat
0 STEP
1 0 20 60 40 0 -1 0 0.363 0 -0.932 0.932 0 0.363 c.ldr
0 STEP
1 0 40 -100 -40 0 -1 0 0.677 0 -0.736 0.736 0 0.677 b.ldr
0 STEP
1 0 20 -60 -40 0 -1 0 1 0 0 0 0 1 32009.dat
1 71 60 -60 -200 -1 0 0 0 0 1 0 1 0 32073.dat
1 0 30 -60 -140 -1 0 0 0 0 1 0 1 0 2780.dat
0 STEP
1 1 60 -60 -160 1 0 0 0 0 1 0 -1 0 6558.dat
1 0 40 -60 -220 0 1 0 1 0 0 0 0 -1 40490.dat
1 71 30 -60 -280 -1 0 0 0 -1 0 0 0 1 61184.dat
1 71 30 -60 -260 -1 0 0 0 -1 0 0 0 1 61184.dat
1 71 30 -60 -240 -1 0 0 0 -1 0 0 0 1 4274.dat
1 71 30 -60 -220 -1 0 0 0 -1 0 0 0 1 4274.dat
1 0 50 -60 -300 -1 0 0 0 -1 0 0 0 1 2780.dat
0 STEP
1 0 60 -123.976 -59.793 -1 0 0 0 0.843 0.537 0 0.537 -0.843 18944.dat
1 72 30 60 -40 -1 0 0 0 0 -1 0 -1 0 87083.dat
0 STEP
1 0 20 90.615 -113.91 0 -1 0 0.924 0 -0.383 0.383 0 0.924 40490.dat
1 0 40 99.886 -36.987 0 -1 0 -0.075 0 -0.997 0.997 0 -0.075 32316.dat
0 STEP
1 0 70 60 -40 0 0 1 1 0 0 0 1 0 59443.dat
1 1 50 139.773 -33.974 1 0 0 0 0.298 0.954 0 -0.954 0.298 43093.dat
0 STEP
1 0 60 92.027 118.736 0 1 0 -0.954 0 -0.298 -0.298 0 0.954 32009.dat
1 1 50 133.805 -14.885 -1 0 0 0 -0.298 0.954 0 0.954 0.298 43093.dat
1 72 60 115.9 42.381 -1 0 0 0 -0.298 0.954 0 0.954 0.298 11214.dat
1 0 70 121.868 23.292 -1 0 0 0 -0.298 0.954 0 0.954 0.298 2780.dat
0 STEP
1 0 45 124.852 13.748 0 -1 0 0.954 0 -0.298 0.298 0 0.954 32449.dat
1 0 35 124.852 13.748 0 -1 0 0.954 0 -0.298 0.298 0 0.954 32449.dat
1 0 80 127.836 4.203 0 -1 0 0.954 0 -0.298 0.298 0 0.954 32316.dat
0 FILE b.ldr
0 Author: Jaap Joris Vens
0 !LICENSE Creative Commons BY-SA
1 0 0 0 160 1 0 0 0 1 0 0 0 1 32009.dat
1 0 0 -20 0 0 1 0 -1 0 0 0 0 1 3706.dat
1 0 80 0 160 0 1 0 -1 0 0 0 0 1 18651.dat
1 1 40 -20 160 0 1 0 -1 0 0 0 0 1 6558.dat
1 1 60 -20 160 0 1 0 -1 0 0 0 0 1 6558.dat
1 1 0 -20 120 0 1 0 -1 0 0 0 0 1 6558.dat
0 STEP
1 0 80 -20 180 0 0 -1 -1 0 0 0 1 0 42003.dat
1 0 50 -20 180 -1 0 0 0 0 -1 0 -1 0 32557.dat
0 FILE c.ldr
0 Author: Jaap Joris Vens
0 !LICENSE Creative Commons BY-SA
1 0 0 0 120 1 0 0 0 1 0 0 0 1 41239.dat
1 0 0 -10 40 0 1 0 -1 0 0 0 0 1 2780.dat
1 0 0 -10 60 0 1 0 -1 0 0 0 0 1 2780.dat
0 STEP
1 0 20 -20 50 0 -1 0 0 0 1 -1 0 0 32557.dat
0 STEP
1 0 30 -20 30 0 -1 0 0 0 1 -1 0 0 32138.dat
0 STEP
1 0 20 0 10 0 -1 0 1 0 0 0 0 1 64683.dat
1 1 60 -40 30 0 1 0 -1 0 0 0 0 1 6558.dat
