0 FILE main.ldr
0 Suzuki SV650 2017-2020
0 Name: SV650
0 Author: Jaap Joris Vens
0 !LICENSE Creative Commons BY-SA
0 !LPUB BOM MODEL_SCALE GLOBAL  0.5000
0 !LPUB BOM BORDER GLOBAL SQUARE 0 Black 0.031 MARGINS 0.050 0.050
0 !LPUB BOM BACKGROUND GLOBAL TRANSPARENT
0 !LPUB MULTI_STEP SEPARATOR GLOBAL THICKNESS 0.03125 "black" MARGINS 0.2 0.2
0 !LPUB PAGE NUMBER MARGINS GLOBAL 0.0500 0.2000
0 !LPUB PAGE NUMBER FONT GLOBAL "Arial,60,-1,5,75,0,0,0,0,0,Bold"
0 !LPUB PLI MODEL_SCALE GLOBAL  0.7500
0 !LPUB CALLOUT BACKGROUND GLOBAL COLOR "#caedff"
0 !LPUB CALLOUT BORDER GLOBAL SQUARE 1 Black 0.010 MARGINS 0.200 0.200
0 !LPUB PAGE DISPLAY_PAGE_NUMBER GLOBAL TRUE
0 !LPUB ASSEM MODEL_SCALE GLOBAL  1.5000
0 !LPUB PAGE BACKGROUND GLOBAL COLOR "#e3e3e3"
0 !LPUB PLI CIRCLE_STYLE FONT GLOBAL "Arial,36,-1,5,50,0,0,0,0,0,Regular"
0 !LPUB PLI SQUARE_STYLE FONT GLOBAL "Arial,36,-1,5,50,0,0,0,0,0,Regular"
0 !LPUB PLI CIRCLE_STYLE MARGINS GLOBAL 0.0000 0.0000
0 !LPUB PLI CIRCLE_STYLE BORDER GLOBAL SQUARE 0 #3a3938 0.016 MARGINS 0.000 0.000
0 !LPUB PLI CIRCLE_STYLE BACKGROUND GLOBAL TRANSPARENT
0 !LPUB PLI SQUARE_STYLE MARGINS GLOBAL 0.0000 0.0000
0 !LPUB PLI SQUARE_STYLE BORDER GLOBAL NONE 0 MARGINS 0.000 0.000
0 !LPUB PLI SQUARE_STYLE BACKGROUND GLOBAL TRANSPARENT
0 !LPUB PLI ANNOTATION USE_TITLE GLOBAL FALSE
0 !LPUB PLI ANNOTATION PANEL GLOBAL TRUE
0 !LPUB PLI ANNOTATION CONNECTOR GLOBAL TRUE
0 !LPUB PLI ANNOTATION CONNECTOR GLOBAL FALSE
0 !LPUB PLI ANNOTATION CABLE GLOBAL FALSE
0 !LPUB PLI ANNOTATION DISPLAY GLOBAL TRUE
0 !LPUB PLI PART MARGINS GLOBAL 0.2000 0.1000
0 !LPUB PLI BORDER GLOBAL SQUARE 1 Black 0.010 MARGINS 0.200 0.100
0 !LPUB PLI MARGINS GLOBAL 0.2000 0.0500
0 !LPUB PAGE MARGINS GLOBAL 0.2000 0.0500
0 !LPUB RESOLUTION GLOBAL 300 DPI
0 !LPUB ASSEM SHOW_STEP_NUMBER GLOBAL FALSE
0 !LPUB PAGE ORIENTATION GLOBAL LANDSCAPE
0 !LPUB PAGE SIZE GLOBAL 7.6800 13.6600 Custom
0 !LPUB INSERT COVER_PAGE BACK
1 0 0 -380 -200 1 0 0 0 0.906 0.423 0 -0.423 0.906 frame complete.ldr
1 14 20 -196.047 -29.353 0 0 1 -0.067 0.998 0 -0.998 -0.067 0 belly.ldr
0 ROTSTEP 15 60 0 ABS
0 STEP
0 !LPUB ASSEM MODEL_SCALE LOCAL  1.2500
1 0 0 -143.816 31.392 1 0 0 0 0.995 0.105 0 -0.105 0.995 rear wheel.ldr
0 BUFEXCHG A STORE
1 71 190 -143.816 31.392 1 0 0 0 0.995 0.105 0 -0.105 0.995 44294.dat
1 4 50 -143.816 31.392 0 -1 0 0.995 0 0.105 -0.105 0 0.995 HasvL3.dat
1 71 260 -143.816 31.392 0 0 1 -0.105 0.995 0 -0.995 -0.105 0 59443.dat
0 STEP
0 !LPUB ASSEM MODEL_SCALE LOCAL  1.2500
0 BUFEXCHG A RETRIEVE
0 !LPUB PLI BEGIN IGN
1 71 0 -143.816 31.392 1 0 0 0 0.995 0.105 0 -0.105 0.995 44294.dat
0 !LPUB PLI END
0 !LPUB PLI BEGIN IGN
0 !LPUB PLI END
0 !LPUB PLI BEGIN IGN
1 71 70 -143.816 31.392 0 0 1 -0.105 0.995 0 -0.995 -0.105 0 59443.dat
0 !LPUB PLI END
0 STEP
0 !LPUB ASSEM MODEL_SCALE LOCAL  1.2500
1 71 -70 -143.816 31.392 0 0 -1 0.105 0.995 0 0.995 -0.105 0 59443.dat
0 ROTSTEP 0 -90 0 REL
0 !LPUB ASSEM PLACEMENT LOCAL CENTER PAGE INSIDE OFFSET -0.0195 0.0222
0 !LPUB ASSEM MODEL_SCALE LOCAL  1.0000
0 !LPUB CALLOUT PLI PER_STEP FALSE
0 !LPUB CALLOUT BEGIN
1 71 -85 -171.07 151.128 0 -1 0 0.838 0 -0.544 0.544 0 0.838 exhaust.ldr
0 !LPUB CALLOUT POINTER TOP 0.517 0.235 0.748 0.000 0.000 0.000 0.000 0.000 0.000 0.000 1
0 !LPUB CALLOUT PLACEMENT BOTTOM CENTER ASSEM OUTSIDE OFFSET -0.3390 0.0338
0 !LPUB CALLOUT ALLOC HORIZONTAL
0 !LPUB CALLOUT END
0 STEP
0 !LPUB ASSEM MODEL_SCALE LOCAL  1.0000
1 0 0 -359.765 -203.93 0 0 -1 0.423 0.906 0 0.906 -0.423 0 front wheel.ldr
0 ROTSTEP 0 0 0 REL
0 !LPUB ASSEM MODEL_SCALE LOCAL  1.0000
0 !LPUB CALLOUT BEGIN
1 0 60 -134.808 -0.291 1 0 0 0 0.225 -0.974 0 0.974 0.225 stand.ldr
0 !LPUB CALLOUT POINTER TOP_LEFT 0.633 0.640 0.000 0.000 0.000 0.000 0.000 0.000 0.000 1
0 !LPUB CALLOUT PLACEMENT BOTTOM CENTER ASSEM OUTSIDE OFFSET 0.3198 -0.2553
0 !LPUB CALLOUT END
1 0 50 -151.895 -88.457 0 1 0 0.998 0 -0.067 -0.067 0 -0.998 2420.dat
0 STEP
0 !LPUB ASSEM MODEL_SCALE LOCAL  1.0000
1 0 40 -122.816 230.392 0 0 1 -0.105 0.995 0 -0.995 -0.105 0 technicchainclosed-1.ldr
0 STEP
0 !LPUB BOM MODEL_SCALE  0.6000
0 !LPUB BOM CONSTRAIN LOCAL HEIGHT 6.7133
0 !LPUB INSERT PAGE
0 !LPUB INSERT BOM
0 STEP
0 NOFILE 
0 FILE frame.ldr
0 Author: Jaap Joris Vens
0 !LICENSE Creative Commons BY-SA
1 0 -40 0 15 -1 0 0 0 0 1 0 1 0 32250.dat
1 0 -40 0 0 0 1 0 0 0 1 1 0 0 3705.dat
1 0 -40 80 0 0 1 0 0 0 1 1 0 0 3705.dat
1 0 -20 80 10 0 0 1 -1 0 0 0 -1 0 32068.dat
1 0 -20 0 10 0 0 1 -1 0 0 0 -1 0 32068.dat
0 STEP
1 0 -200 0 0 0 0 -1 -1 0 0 0 1 0 41239.dat
1 4 -80 0 0 0 0 -1 0 -1 0 -1 0 0 3706.dat
1 0 -40 0 -15 -1 0 0 0 0 1 0 1 0 32250.dat
1 0 -320 0 -10 0 0 1 0 1 0 -1 0 0 2780.dat
1 0 0 90 0 0 0 1 1 0 0 0 1 0 2780.dat
1 0 0 10 0 0 0 1 1 0 0 0 1 0 2780.dat
0 STEP
1 4 -100 0 0 0 0 -1 0 -1 0 -1 0 0 3706.dat
1 4 -160 0 0 0 0 -1 0 -1 0 -1 0 0 3706.dat
1 71 -160 0 -15 -1 0 0 0 -1 0 0 0 1 32123b.dat
1 71 -160 0 15 -1 0 0 0 -1 0 0 0 1 32123b.dat
1 71 -100 0 15 -1 0 0 0 -1 0 0 0 1 32123b.dat
1 71 -100 0 -15 -1 0 0 0 -1 0 0 0 1 32123b.dat
0 STEP
1 1 -60 0 -10 0 -1 0 0 0 -1 1 0 0 6558.dat
1 0 -58.953 19.973 0 -0.999 0 -0.052 0.052 0 -0.999 0 -1 0 32348.dat
1 1 -62 -39 0 0 -1 0 0 0 -1 1 0 0 6558.dat
1 1 -79 -51 0 0 -1 0 0 0 -1 1 0 0 6558.dat
0 STEP
1 0 -100 0 -30 0 0 -1 -1 0 0 0 1 0 32524.dat
1 0 -100 0 30 0 0 -1 -1 0 0 0 1 0 32524.dat
0 STEP
1 4 -130 0 45 0 0 -1 -1 0 0 0 1 0 32449.dat
1 4 -130 0 55 0 0 -1 -1 0 0 0 1 0 32449.dat
1 4 -130 0 -45 0 0 -1 -1 0 0 0 1 0 32449.dat
1 4 -130 0 -55 0 0 -1 -1 0 0 0 1 0 32449.dat
1 4 -80 0 -50 0 0 -1 -1 0 0 0 1 0 41669.dat
1 4 -80 0 50 0 0 -1 1 0 0 0 -1 0 41669.dat
0 STEP
1 0 -111 -74 -20 -0.574 0 0.819 0.819 0 0.574 0 1 0 87086.dat
1 0 -111 -74 20 0.573 0 0.819 -0.819 0 0.573 0 -1 0 87080.dat
0 STEP
0 ROTSTEP 0 -90 0 REL
1 1 -200 0 0 0 -1 0 0 0 -1 1 0 0 6558.dat
1 1 -220 0 0 0 -1 0 0 0 -1 1 0 0 6558.dat
1 1 -280 0 0 0 -1 0 0 0 -1 1 0 0 6558.dat
1 4 -180 0 0 0 -0.342 -0.94 0 -0.94 0.342 -1 0 0 3706.dat
1 71 -180 0 -20 -1 0 0 0 -1 0 0 0 1 3713.dat
1 71 -180 0 20 1 0 0 0 -1 0 0 0 -1 3713.dat
0 STEP
1 0 -210 -20 -20 1 0 0 0 1 0 0 0 1 32291.dat
1 0 -210 -20 20 1 0 0 0 1 0 0 0 1 32291.dat
0 STEP
1 4 -208.978 7.765 -35 0.259 0 -0.966 0.966 0 0.259 0 -1 0 32449.dat
1 4 -208.978 7.765 -45 0.259 0 -0.966 0.966 0 0.259 0 -1 0 32449.dat
1 4 -208.978 7.765 35 0.259 0 -0.966 0.966 0 0.259 0 -1 0 32449.dat
1 4 -208.978 7.765 45 0.259 0 -0.966 0.966 0 0.259 0 -1 0 32449.dat
0 STEP
0 !LPUB PLI CONSTRAIN LOCAL HEIGHT 6.6400
0 !LPUB ASSEM PLACEMENT LOCAL CENTER PAGE INSIDE OFFSET 0.1337 -0.0445
0 !LPUB CALLOUT PLI PER_STEP FALSE
0 !LPUB CALLOUT BEGIN
1 0 -210 -40 0 1 0 0 0 1 0 0 0 1 lower tank.ldr
0 !LPUB CALLOUT POINTER LEFT 0.562 0.915 0.537 0.000 0.000 0.000 0.000 0.000 0.000 0.000 1
0 !LPUB CALLOUT PLACEMENT RIGHT CENTER ASSEM OUTSIDE OFFSET 0.1365 -0.1463
0 !LPUB CALLOUT END
0 !LPUB CALLOUT BEGIN
1 0 -230 -20 0 1 0 0 0 1 0 0 0 1 upper tank.ldr
0 !LPUB CALLOUT POINTER BOTTOM 0.335 0.473 0.111 0.000 0.000 0.000 0.000 0.000 0.000 0.000 1
0 !LPUB CALLOUT PLACEMENT TOP CENTER ASSEM OUTSIDE OFFSET 0.1021 -0.1505
0 !LPUB CALLOUT ALLOC HORIZONTAL
0 !LPUB CALLOUT END
0 BUFEXCHG A STORE
1 72 -370 -20 -20 -1 0 0 0 0 1 0 1 0 55013.dat
1 72 -370 -20 20 -1 0 0 0 0 1 0 1 0 55013.dat
1 4 -240 -20 -20 0 1 0 0 0 1 1 0 0 HasvL4.dat
1 4 -240 -20 20 0 1 0 0 0 1 1 0 0 HasvL4.dat
0 STEP
0 BUFEXCHG A RETRIEVE
0 !LPUB PLI BEGIN IGN
1 72 -160 -20 -20 -1 0 0 0 0 1 0 1 0 55013.dat
0 !LPUB PLI END
0 !LPUB PLI BEGIN IGN
1 72 -160 -20 20 -1 0 0 0 0 1 0 1 0 55013.dat
0 !LPUB PLI END
0 STEP
1 1 -191 -40 -45 0 0 -1 -1 0 0 0 1 0 6558.dat
1 1 -191 -40 45 0 0 -1 -1 0 0 0 1 0 6558.dat
1 0 -230 -30 -40 0 1 0 1 0 0 0 0 -1 2780.dat
1 0 -230 -30 40 0 1 0 1 0 0 0 0 -1 2780.dat
0 STEP
1 0 -191 -40 -45 0 0 -1 0 -1 0 -1 0 0 18654.dat
1 0 -191 -40 45 0 0 -1 0 -1 0 -1 0 0 18654.dat
0 STEP
1 0 -152.363 -60 55.353 -0.259 0 -0.966 0 1 0 0.966 0 -0.259 11947.dat
1 0 -152.363 -60 -55.353 0.259 0 -0.966 0 1 0 0.966 0 0.259 11946.dat
0 !LPUB CALLOUT BEGIN
1 1 -250 -42 0 0 0 1 0 1 0 -1 0 0 crotch.ldr
0 !LPUB CALLOUT POINTER RIGHT 0.453 0.062 0.515 0.000 0.000 0.000 0.000 0.000 0.000 0.000 1
0 !LPUB CALLOUT PLACEMENT LEFT CENTER ASSEM OUTSIDE OFFSET -0.1837 0.0023
0 !LPUB CALLOUT ALLOC VERTICAL
0 !LPUB CALLOUT END
0 NOFILE 
0 FILE lower tank.ldr
0 Author: Jaap Joris Vens
0 !LICENSE Creative Commons BY-SA
1 0 0 0 0 -1 0 0 0 1 0 0 0 -1 32316.dat
1 72 0 0 -40 0 1 0 1 0 0 0 0 -1 11214.dat
1 72 0 0 40 0 1 0 1 0 0 0 0 -1 11214.dat
1 0 0 -20 -20 0 1 0 1 0 0 0 0 -1 15100.dat
1 0 0 -20 20 0 1 0 1 0 0 0 0 -1 15100.dat
0 ROTSTEP 23 45 0 ABS
1 0 20 20 20 0 -1 0 0 0 -1 1 0 0 33299.dat
1 0 20 20 -20 0 -1 0 0 0 -1 1 0 0 33299.dat
1 0 0 20 -40 0.259 0 0.966 0 -1 0 0.966 0 -0.259 6629.dat
1 0 0 20 40 0.259 0 0.966 0 1 0 -0.966 0 0.259 6629.dat
0 STEP
1 72 78.286 10 -0.447 0 0 -1 -1 0 0 0 1 0 32002.dat
1 72 78.286 10 -60.447 0 0 -1 -1 0 0 0 1 0 32002.dat
1 72 78.286 10 59.553 0 0 -1 -1 0 0 0 1 0 32002.dat
1 0 78.286 5 -0.447 1 0 0 0 -1 0 0 0 -1 32065.dat
0 STEP
1 0 78.286 20 -0.447 -1 0 0 0 0 -1 0 -1 0 32184.dat
0 NOFILE 
0 FILE upper tank.ldr
0 Author: Jaap Joris Vens
0 !LICENSE Creative Commons BY-SA
1 1 0 -20 0 0 1 0 0 0 1 1 0 0 6558.dat
1 1 84 -74 0 0 1 0 0 0 1 1 0 0 6558.dat
1 0 83.991 -74.273 0 0 -0.07 0.998 0 0.998 0.07 -1 0 0 24116.dat
1 0 0 0 -20 0 -1 0 0 0 1 -1 0 0 44809.dat
1 0 81.173 -52.107 20 -0.829 0 -0.559 -0.559 0 0.829 0 1 0 41678.dat
1 0 89.463 -46.515 20 -0.829 -0.559 0 -0.559 0.829 0 0 0 -1 18651.dat
0 ROTSTEP 23 45 0 ABS
1 0 0 0 20 0 1 0 0 0 1 1 0 0 44809.dat
1 0 100.647 -63.095 0 0 -0.559 -0.829 0 0.829 -0.559 1 0 0 87082.dat
1 71 106.22 -71.494 0 0.545 -0.469 -0.695 -0.839 -0.305 -0.452 0 0.829 -0.559 4274.dat
0 STEP
1 0 81.173 -52.107 -20 -0.829 0 -0.559 -0.559 0 0.829 0 1 0 41678.dat
1 0 89.463 -46.515 -20 -0.829 -0.559 0 -0.559 0.829 0 0 0 -1 18651.dat
1 71 111 -78 0 0 -0.545 0.839 0 0.839 0.545 -1 0 0 98138.dat
0 NOFILE 
0 FILE crotch.ldr
0 Author: Jaap Joris Vens
0 !LICENSE Creative Commons BY-SA
1 0 0 0 0 1 0 0 0 1 0 0 0 1 3623.dat
0 STEP
1 0 30 -8 0 1 0 0 0 1 0 0 0 1 18677.dat
1 0 -30 -8 0 -1 0 0 0 1 0 0 0 -1 18677.dat
1 0 40 2 20 0 0 1 0 1 0 -1 0 0 15100.dat
1 0 -40 2 20 0 0 1 0 1 0 -1 0 0 15100.dat
1 0 0 -8 0 -1 0 0 0 1 0 0 0 -1 3024p01.dat
0 STEP
1 0 0 -32 0 1 0 0 0 1 0 0 0 1 3038.dat
1 0 -40 0 -10 1 0 0 0 1 0 0 0 1 29119.dat
1 0 40 0 -10 1 0 0 0 1 0 0 0 1 29120.dat
0 STEP
1 0 -10 -32 0 1 0 0 0 1 0 0 0 1 85984.dat
1 0 20 -32 0 1 0 0 0 1 0 0 0 1 54200.dat
0 NOFILE 
0 FILE lower frame.ldr
0 Author: Jaap Joris Vens
0 !LICENSE Creative Commons BY-SA
0 !LPUB MULTI_STEP BEGIN
1 0 -240 0 5 0 0 -1 -1 0 0 0 1 0 99773.dat
1 0 -240 0 -5 0 0 -1 -1 0 0 0 1 0 99773.dat
1 1 -240 0 0 0 0 -1 0 1 0 1 0 0 6558.dat
1 1 -260 0 0 0 0 -1 0 1 0 1 0 0 6558.dat
0 STEP
1 71 -240 -40 0 0 0 -1 0 1 0 1 0 0 4519.dat
1 71 -240 40 0 0 0 -1 0 1 0 1 0 0 4519.dat
1 4 -240 20 -10 0 0 -1 0 1 0 1 0 0 3706.dat
1 71 -240 20 -20 -1 0 0 0 1 0 0 0 -1 3713.dat
1 71 -240 20 20 1 0 0 0 1 0 0 0 1 3713.dat
0 STEP
1 71 -240 -40 20 0 0 1 1 0 0 0 1 0 2825.dat
1 0 -240 40 20 0 0 1 1 0 0 0 1 0 2825.dat
1 72 -220 -40 20 0 0 1 0 -1 0 1 0 0 32002.dat
1 71 -180 -40 0 0 0 -1 0 1 0 1 0 0 4519.dat
0 STEP
0 !LPUB ASSEM PLACEMENT LOCAL CENTER PAGE INSIDE OFFSET 0.0498 0.0234
0 !LPUB MULTI_STEP END
1 71 -200 -66 0 1 0 0 0 1 0 0 0 1 32061.dat
1 72 -220 -40 -20 0 0 -1 0 -1 0 -1 0 0 32002.dat
0 !LPUB CALLOUT PLI PER_STEP FALSE
0 !LPUB CALLOUT BEGIN
1 71 -190 40 30 1 0 0 0 1 0 0 0 1 crankshaft.ldr
0 !LPUB CALLOUT POINTER RIGHT 0.478 0.584 0.550 0.000 0.000 0.000 0.000 0.000 0.000 0.000 1
0 !LPUB CALLOUT END
0 STEP
0 !LPUB MULTI_STEP BEGIN
1 0 -240 40 -20 0 0 1 -1 0 0 0 -1 0 2825.dat
1 71 -240 -40 -20 0 0 1 -1 0 0 0 -1 0 2825.dat
1 71 -200 40 -40 1 0 0 0 1 0 0 0 1 94925.dat
0 STEP
1 0 -180 0 -20 0 0 1 1 0 0 0 1 0 32525.dat
0 STEP
1 1 -200 0 -40 0 0 1 0 1 0 -1 0 0 6558.dat
1 1 -80 0 0 0 0 -1 0 1 0 1 0 0 6558.dat
1 1 -140 0 0 0 0 -1 0 1 0 1 0 0 6558.dat
1 0 -160 0 -30 0 0 1 0 1 0 -1 0 0 2780.dat
0 STEP
0 !LPUB MULTI_STEP DIVIDER
1 0 -200 0 -40 0 0 1 1 0 0 0 1 0 18654.dat
1 19 -240 20 -40 0 -1 0 1 0 0 0 0 1 32269.dat
0 STEP
1 0 -80 0 0 0 0 -1 1 0 0 0 -1 0 40490.dat
1 0 -240 20 -60 0 0 1 1 0 0 0 1 0 60484.dat
0 STEP
0 !LPUB MULTI_STEP END
0 !LPUB MULTI_STEP BEGIN
1 0 -180 0 20 0 0 1 1 0 0 0 1 0 32525.dat
1 0 -160 0 30 0 0 1 0 1 0 -1 0 0 2780.dat
1 71 -240 20 40 0 -1 0 1 0 0 0 0 1 94925.dat
0 ROTSTEP 0 90 0 REL
1 4 -60 0 0 0 0 1 0 1 0 -1 0 0 3706.dat
1 0 -60 0 15 1 0 0 0 0 1 0 -1 0 6632.dat
1 0 -60 0 -15 1 0 0 0 0 1 0 -1 0 6632.dat
0 STEP
1 4 -30 0 25 0 0 1 -1 0 0 0 -1 0 32449.dat
1 4 -30 0 -25 0 0 1 -1 0 0 0 -1 0 32449.dat
0 STEP
0 !LPUB MULTI_STEP END
0 !LPUB CALLOUT BEGIN
1 4 -95 40 0 0 -1 0 0 0 1 -1 0 0 cylinder.ldr
0 !LPUB CALLOUT POINTER TOP 0.758 0.464 0.874 0.000 0.000 0.000 0.000 0.000 0.000 0.000 1
0 !LPUB CALLOUT PLACEMENT BOTTOM CENTER ASSEM OUTSIDE OFFSET -0.4629 0.0998
0 !LPUB CALLOUT ALLOC HORIZONTAL
0 !LPUB CALLOUT END
0 !LPUB CALLOUT BEGIN
1 4 -120 0 40 0 0 -1 0 -1 0 -1 0 0 cylinder mount.ldr
1 4 -120 0 -40 0 0 -1 0 -1 0 -1 0 0 cylinder mount.ldr
0 !LPUB CALLOUT POINTER BOTTOM 0.982 0.530 0.590 0.000 0.000 0.000 0.000 0.000 0.000 0.000 1
0 !LPUB CALLOUT POINTER BOTTOM 0.725 0.313 0.441 0.000 0.000 0.000 0.000 0.000 0.000 0.000 1
0 !LPUB CALLOUT PLACEMENT TOP CENTER ASSEM OUTSIDE OFFSET -0.4404 -0.1725
0 !LPUB CALLOUT ALLOC HORIZONTAL
0 !LPUB CALLOUT END
0 STEP
0 !LPUB MULTI_STEP BEGIN
1 4 -120 -20 0 0 0 1 0 1 0 -1 0 0 3706.dat
1 0 -120 20 -90 0 0 1 1 0 0 0 1 0 18384.dat
1 0 -120 20 90 0 0 -1 1 0 0 0 -1 0 18384.dat
0 STEP
1 4 -30 0 -30 -1 0 0 0 0 -1 0 -1 0 3023.dat
1 4 -30 0 30 1 0 0 0 0 -1 0 1 0 3023.dat
0 STEP
0 !LPUB MULTI_STEP DIVIDER
1 4 -40 0 -38 -1 0 0 0 0 -1 0 -1 0 3024.dat
1 4 -40 0 38 1 0 0 0 0 -1 0 1 0 3024.dat
0 STEP
1 4 -20 0 38 0 0 -1 -1 0 0 0 1 0 24201.dat
1 4 -20 0 -38 0 0 -1 1 0 0 0 -1 0 24201.dat
0 STEP
0 !LPUB MULTI_STEP END
0 ROTSTEP -23 135 0 ABS
1 0 -60 40 0 0 0 1 0 1 0 -1 0 0 3705.dat
0 STEP
0 !LPUB CALLOUT BEGIN
1 0 -60 40 30 0.755 0.656 0 -0.656 0.755 0 0 0 1 radiator.ldr
0 !LPUB CALLOUT POINTER RIGHT 0.415 0.055 0.751 0.000 0.000 0.000 0.000 0.000 0.000 0.000 1
0 !LPUB CALLOUT PLACEMENT LEFT CENTER ASSEM OUTSIDE OFFSET -0.1868 0.2757
0 !LPUB CALLOUT ALLOC VERTICAL
0 !LPUB CALLOUT END
0 !LPUB CALLOUT BEGIN
1 0 -76.081 67.229 0 0 -0.656 -0.755 0 -0.755 0.656 -1 0 0 radiator2.ldr
0 !LPUB CALLOUT POINTER TOP 0.293 0.325 0.942 0.000 0.000 0.000 0.000 0.000 0.000 0.000 1
0 !LPUB CALLOUT PLACEMENT BOTTOM CENTER ASSEM OUTSIDE OFFSET -0.0044 0.1565
0 !LPUB CALLOUT END
0 ROTSTEP -23 -135 0 ABS
0 NOFILE 
0 FILE crankshaft.ldr
0 Author: Jaap Joris Vens
0 !LICENSE Creative Commons BY-SA
1 14 -10 0 -30 -1 0 0 0 -1 0 0 0 1 2853.dat
0 !LPUB CALLOUT PLI PER_STEP FALSE
0 !LPUB CALLOUT BEGIN
1 14 20 0 0 0 0 1 0 1 0 -1 0 0 piston.ldr
1 14 -2.091 -19.89 -60 0 -0.995 -0.105 0 0.105 -0.995 1 0 0 piston.ldr
0 !LPUB CALLOUT POINTER BOTTOM_LEFT 0.994 0.770 0.000 0.000 0.000 0.000 0.000 0.000 0.000 1
0 !LPUB CALLOUT POINTER LEFT 0.872 0.420 0.137 0.000 0.000 0.000 0.000 0.000 0.000 0.000 1
0 !LPUB CALLOUT PLACEMENT RIGHT CENTER ASSEM OUTSIDE OFFSET 0.5410 -0.7141
0 !LPUB CALLOUT END
0 STEP
1 14 0 0 0 1 0 0 0 1 0 0 0 1 2853.dat
1 71 -10 0 -70 0 0 -1 0 -1 0 -1 0 0 4519.dat
0 NOFILE 
0 FILE piston.ldr
0 Author: Jaap Joris Vens
0 !LICENSE Creative Commons BY-SA
1 0 30 0 0 1 0 0 0 1 0 0 0 1 32126.dat
1 4 30 0 15 0 0 -1 0 1 0 1 0 0 32062.dat
0 STEP
1 14 30 0 30 1 0 0 0 1 0 0 0 1 59443.dat
1 71 30 0 50 0 0 1 0 1 0 -1 0 0 2736.dat
0 STEP
1 14 30 0 62 -1 0 0 0 0 -1 0 -1 0 2851.dat
0 NOFILE 
0 FILE radiator.ldr
0 Author: Jaap Joris Vens
0 !LICENSE Creative Commons BY-SA
0 !LPUB CALLOUT BEGIN
1 0 0 18 10 0 0 -1 0 -1 0 -1 0 0 radiator1.ldr
1 0 0 18 -70 0 0 1 0 -1 0 1 0 0 radiator1.ldr
0 !LPUB CALLOUT POINTER BOTTOM 0.563 0.669 -0.150 0.000 0.000 0.000 0.000 0.000 0.000 0.000 1
0 !LPUB CALLOUT POINTER BOTTOM 0.376 0.228 0.136 0.000 0.000 0.000 0.000 0.000 0.000 0.000 1
0 !LPUB CALLOUT PLACEMENT TOP CENTER ASSEM OUTSIDE OFFSET 0.0214 -0.9239
0 !LPUB CALLOUT END
0 ROTSTEP 23 45 0 ABS
1 0 30 10 -70 0 0 -1 0 -1 0 -1 0 0 3023.dat
1 0 30 10 10 0 0 -1 0 -1 0 -1 0 0 3023.dat
1 0 30 2 -60 0 0 -1 0 -1 0 -1 0 0 6141.dat
1 0 30 2 0 0 0 -1 0 -1 0 -1 0 0 6141.dat
0 STEP
0 NOFILE 
0 FILE cylinder.ldr
0 Author: Jaap Joris Vens
0 !LICENSE Creative Commons BY-SA
1 0 0 25 -20 1 0 0 0 1 0 0 0 1 3737.dat
1 71 -25 25 20 0 1 0 1 0 0 0 0 -1 32249.dat
1 71 0 25 20 1 0 0 0 1 0 0 0 1 4519.dat
0 STEP
1 71 0 -1 0 0 0 1 0 1 0 -1 0 0 32061.dat
0 STEP
1 71 25 25 20 0 1 0 1 0 0 0 0 -1 32249.dat
0 NOFILE 
0 FILE cylinder mount.ldr
0 Author: Jaap Joris Vens
0 !LICENSE Creative Commons BY-SA
1 4 0 0 0 1 0 0 0 1 0 0 0 1 32184.dat
1 4 0 0 0 0 0 -1 0 1 0 1 0 0 32054.dat
0 STEP
1 4 0 0 -30 0 0 -1 0 1 0 1 0 0 32062.dat
0 STEP
1 4 0 0 -40 1 0 0 0 1 0 0 0 1 32039.dat
0 NOFILE 
0 FILE beam right.ldr
0 Author: Jaap Joris Vens
0 !LICENSE Creative Commons BY-SA
1 4 0 0 -40 0 -1 0 1 0 0 0 0 1 40490.dat
1 0 10 0 40 -1 0 0 0 -0.5 0.866 0 0.866 0.5 2780.dat
1 0 10 0 -20 -1 0 0 0 -0.5 0.866 0 0.866 0.5 2780.dat
1 72 -10 0 0 -1 0 0 0 -0.5 0.866 0 0.866 0.5 32002.dat
0 ROTSTEP 23 -45 0 ABS
1 0 20 0 80 0 -1 0 1 0 0 0 0 1 32525.dat
1 0 10 0 60 -1 0 0 0 -0.5 0.866 0 0.866 0.5 2780.dat
0 STEP
1 0 0 60 60 0 -1 0 0 0 1 -1 0 0 32524.dat
1 70 -20 80 60 1 0 0 0 0 1 0 -1 0 24316.dat
1 0 -15 40 30 0 -1 0 0.6 0 0.8 -0.8 0 0.6 32063.dat
0 STEP
0 !LPUB CALLOUT DIVIDER
1 71 -25 80 60 0 0 -1 1 0 0 0 -1 0 32123b.dat
1 71 10 0 100 -1 0 0 0 -0.5 0.866 0 0.866 0.5 4274.dat
1 71 10 0 120 -1 0 0 0 -0.5 0.866 0 0.866 0.5 4274.dat
1 71 10 0 140 -1 0 0 0 -0.5 0.866 0 0.866 0.5 4274.dat
1 71 10 0 160 -1 0 0 0 -0.5 0.866 0 0.866 0.5 4274.dat
0 STEP
1 71 -40 80 60 0 0 1 0 -1 0 1 0 0 3713.dat
1 0 -14 0 170 0 1 0 -1 0 0 0 0 1 42022.dat
0 NOFILE 
0 FILE beam left.ldr
0 Author: Jaap Joris Vens
0 !LICENSE Creative Commons BY-SA
1 0 20 0 80 0 -1 0 1 0 0 0 0 1 32525.dat
1 0 30 0 60 1 0 0 0 1 0 0 0 1 2780.dat
1 0 30 0 40 1 0 0 0 1 0 0 0 1 2780.dat
1 0 30 0 -20 1 0 0 0 1 0 0 0 1 2780.dat
1 1 0 0 80 -1 0 0 0 1 0 0 0 -1 6558.dat
1 1 0 0 180 -1 0 0 0 1 0 0 0 -1 6558.dat
0 ROTSTEP 23 45 0 ABS
1 4 40 0 -40 0 -1 0 1 0 0 0 0 1 40490.dat
1 72 50 0 0 1 0 0 0 -0.5 0.866 0 -0.866 -0.5 32002.dat
1 0 0 0 140 0 -1 0 1 0 0 0 0 1 40490.dat
0 STEP
1 0 40 40 60 0 -1 0 0 0 1 -1 0 0 32316.dat
1 70 60 80 60 -1 0 0 0 0 1 0 1 0 24316.dat
1 0 55 40 30 0 -1 0 0.6 0 0.8 -0.8 0 0.6 32063.dat
0 STEP
0 !LPUB CALLOUT DIVIDER
1 71 65 80 60 0 0 1 1 0 0 0 1 0 32123b.dat
1 71 30 0 100 1 0 0 0 0.5 -0.866 0 0.866 0.5 4274.dat
1 71 30 0 120 1 0 0 0 0.5 -0.866 0 0.866 0.5 4274.dat
1 71 30 0 140 1 0 0 0 0.5 -0.866 0 0.866 0.5 4274.dat
1 71 30 0 160 1 0 0 0 0.5 -0.866 0 0.866 0.5 4274.dat
0 STEP
1 71 80 80 60 0 0 -1 0 -1 0 -1 0 0 3713.dat
1 0 54 0 170 0 -1 0 1 0 0 0 0 1 42022.dat
0 NOFILE 
0 FILE radiator1.ldr
0 Author: Jaap Joris Vens
0 !LICENSE Creative Commons BY-SA
1 0 0 0 0 0 0 -1 0 1 0 1 0 0 3020.dat
0 ROTSTEP 23 45 0 ABS
1 0 0 8 0 1 0 0 0 1 0 0 0 1 10247.dat
0 STEP
1 0 0 -8 -30 1 0 0 0 1 0 0 0 1 2412b.dat
1 0 0 -8 -10 1 0 0 0 1 0 0 0 1 2412b.dat
1 0 0 -8 10 1 0 0 0 1 0 0 0 1 2412b.dat
1 0 0 -8 30 1 0 0 0 1 0 0 0 1 2412b.dat
0 STEP
0 NOFILE 
0 FILE radiator2.ldr
0 Author: Jaap Joris Vens
0 !LICENSE Creative Commons BY-SA
1 0 0 0 0 1 0 0 0 1 0 0 0 1 3666.dat
0 ROTSTEP 23 45 0 ABS
1 0 0 -8 -20 0 0 -1 0 1 0 1 0 0 3021.dat
0 STEP
1 0 0 -16 0 1 0 0 0 1 0 0 0 1 2412b.dat
1 0 0 -16 -20 1 0 0 0 1 0 0 0 1 2412b.dat
1 0 0 -16 -40 1 0 0 0 1 0 0 0 1 2412b.dat
0 NOFILE 
0 FILE tail light.ldr
0 Author: Jaap Joris Vens
0 !LICENSE Creative Commons BY-SA
1 0 0 0 0 1 0 0 0 1 0 0 0 1 4287c.dat
1 36 0 -8 -40 1 0 0 0 1 0 0 0 1 6141.dat
1 57 0 24 0 1 0 0 0 1 0 0 0 1 6141.dat
0 STEP
1 36 0 -16 -40 1 0 0 0 1 0 0 0 1 6141.dat
0 STEP
1 36 0 -24 -40 1 0 0 0 1 0 0 0 1 98138.dat
1 0 0 -8 -10 0 0 -1 0 1 0 1 0 0 3023.dat
0 NOFILE 
0 FILE belly.ldr
0 Author: Jaap Joris Vens
0 !LICENSE Creative Commons BY-SA
0 !LPUB MULTI_STEP BEGIN
1 71 76 68 -20 -1 0 0 0 -1 0 0 0 1 61069.dat
1 0 76 58 -40 0 1 0 1 0 0 0 0 -1 2780.dat
1 0 76 58 0 0 1 0 1 0 0 0 0 -1 2780.dat
0 STEP
1 71 96 48 0 0 -1 0 0 0 1 -1 0 0 6536.dat
1 71 96 48 -40 0 -1 0 0 0 1 -1 0 0 6536.dat
0 STEP
1 71 111.655 32.035 -20 -0.326 -0.945 0 -0.945 0.326 0 0 0 -1 32291.dat
1 71 96.015 48.005 -20 0 0 1 0 1 0 -1 0 0 32073.dat
0 STEP
1 72 117.515 49.054 -20 -0.326 -0.945 0 -0.945 0.326 0 0 0 -1 6587.dat
1 4 89.489 29.091 -20 0 -0.982 0.191 0 -0.191 -0.982 1 0 0 32062.dat
0 STEP
0 !LPUB MULTI_STEP DIVIDER
1 71 118.166 50.945 -20 0 -0.945 0.326 0 0.326 0.945 -1 0 0 3713.dat
1 71 89.489 29.091 -5 -0.191 0.982 0 0.982 0.191 0 0 0 -1 32123b.dat
1 71 89.489 29.091 -35 -0.191 0.982 0 0.982 0.191 0 0 0 -1 32123b.dat
0 STEP
1 71 96 48 -55 0 0 -1 1 0 0 0 -1 0 6632.dat
1 71 96 48 -65 0 0 -1 1 0 0 0 -1 0 6632.dat
1 71 96 48 20 0 0 -1 -1 0 0 0 1 0 32348.dat
1 1 0 0 10 0 0.8 0.6 0 -0.6 0.8 1 0 0 43093.dat
0 STEP
1 71 131.189 88.764 -20 0.945 0 -0.326 -0.326 0 -0.945 0 1 0 25214.dat
0 STEP
0 !LPUB MULTI_STEP END
0 !LPUB MULTI_STEP BEGIN
1 4 102.825 98.532 -20 0.945 0 -0.326 -0.326 0 -0.945 0 1 0 32062.dat
0 ROTSTEP -23 -45 0 ABS
1 71 74.46 108.299 -20 0 0.326 -0.945 0 0.945 0.326 1 0 0 32016.dat
1 1 44.516 106.468 -20 0.998 -0.061 0 0.061 0.998 0 0 0 1 43093.dat
0 STEP
1 71 24.554 105.247 -20 0.998 -0.061 0 0.061 0.998 0 0 0 1 62462.dat
1 0 4.592 104.026 -20 0.998 -0.061 0 0.061 0.998 0 0 0 1 2780.dat
0 STEP
0 !LPUB MULTI_STEP DIVIDER
1 71 -15.371 102.806 -20 0.998 -0.061 0 0.061 0.998 0 0 0 1 62462.dat
1 1 -35.333 101.585 -20 -0.998 0.061 0 -0.061 -0.998 0 0 0 1 43093.dat
0 STEP
1 71 -65.276 99.754 -20 0 -0.061 -0.998 0 0.998 -0.061 1 0 0 32015.dat
1 4 -75.043 71.389 -20 -0.326 0.945 0 -0.945 -0.326 0 0 0 1 32062.dat
0 STEP
1 71 -84.811 43.024 -20 0 -0.945 -0.326 0 0.326 -0.945 1 0 0 32016.dat
1 71 -82.369 3.1 -20 0.061 -0.998 0 -0.998 -0.061 0 0 0 -1 4519.dat
0 STEP
0 !LPUB MULTI_STEP DIVIDER
1 71 -82.369 3.1 -20 -0.998 0 -0.061 -0.061 0 0.998 0 1 0 3713.dat
0 STEP
0 !LPUB MULTI_STEP ASSEM MODEL_SCALE LOCAL  1.5000
1 71 -79.928 -36.825 -20 0.061 0 0.998 -0.998 0 0.061 0 -1 0 25214.dat
0 STEP
0 !LPUB MULTI_STEP END
0 NOFILE 
0 FILE frame complete.ldr
0 Author: Jaap Joris Vens
0 !LICENSE Creative Commons BY-SA
1 0 0 0 0 0 0 1 0 1 0 -1 0 0 frame.ldr
1 0 0 40 40 0 0 1 -0.273 0.962 0 -0.962 -0.273 0 lower frame.ldr
0 BUFEXCHG A STORE
1 14 -55 40 40 0 -1 0 1 0 0 0 0 1 HasvL6.dat
1 71 120 40 40 1 0 0 0 -0.962 -0.273 0 0.273 -0.962 4519.dat
0 ROTSTEP 23 -45 0 ABS
0 !LPUB ASSEM MODEL_SCALE LOCAL  1.2500
0 BUFEXCHG A RETRIEVE
1 71 0 40 40 1 0 0 0 -0.962 -0.273 0 0.273 -0.962 4519.dat
0 BUFEXCHG A STORE
1 14 -30 0 280 0 1 0 1 0 0 0 0 -1 HasvL6.dat
0 !LPUB CALLOUT PLI PER_STEP FALSE
0 !LPUB CALLOUT BEGIN
1 0 -120 0 280 1 0 0 0 0.717 -0.697 0 0.697 0.717 beam right.ldr
0 !LPUB CALLOUT POINTER LEFT 0.861 0.606 0.539 0.000 0.000 0.000 0.000 0.000 0.000 0.000 1
0 !LPUB CALLOUT PLACEMENT RIGHT CENTER ASSEM OUTSIDE OFFSET 0.0884 -0.3118
0 !LPUB CALLOUT END
1 14 -50 83.626 193.938 0 1 0 1 0 0 0 0 -1 HasvL6.dat
0 ROTSTEP 158 -51 -180 ABS
0 BUFEXCHG A RETRIEVE
1 0 -40 0 280 1 0 0 0 0.717 -0.697 0 0.697 0.717 beam right.ldr
0 ROTSTEP 0 -90 0 ABS
1 4 -55 28.191 169.739 0 -1 0 -0.342 0 0.94 -0.94 0 -0.342 32449.dat
1 4 -55 56.38 97.72 0 1 0 -0.273 0 -0.962 -0.962 0 0.273 6632.dat
0 ROTSTEP 23 -45 0 ABS
0 !LPUB CALLOUT BEGIN
1 0 0 -11.089 345.921 0 0 -1 0.697 -0.717 0 -0.717 -0.697 0 underseat.ldr
0 !LPUB CALLOUT POINTER LEFT 0.079 0.939 0.349 0.000 0.000 0.000 0.000 0.000 0.000 0.000 1
0 !LPUB CALLOUT PLACEMENT RIGHT CENTER ASSEM OUTSIDE OFFSET 0.1848 -0.0070
0 !LPUB CALLOUT END
0 ROTSTEP 23 45 0 ABS
0 !LPUB PLI CONSTRAIN LOCAL HEIGHT 1.7967
0 !LPUB ASSEM MODEL_SCALE LOCAL  1.2500
0 !LPUB CALLOUT BEGIN
1 0 0 0 280 1 0 0 0 0.717 -0.697 0 0.697 0.717 beam left.ldr
0 !LPUB CALLOUT POINTER LEFT 0.532 0.863 0.422 0.000 0.000 0.000 0.000 0.000 0.000 0.000 1
0 !LPUB CALLOUT PLACEMENT RIGHT CENTER ASSEM OUTSIDE OFFSET 0.1484 -0.1426
0 !LPUB CALLOUT END
0 ROTSTEP 23 45 0 ABS
1 4 55 28.191 169.739 0 -1 0 -0.342 0 0.94 -0.94 0 -0.342 32449.dat
1 4 55 56.38 97.72 0 1 0 -0.273 0 -0.962 -0.962 0 0.273 6632.dat
0 STEP
0 !LPUB ASSEM PLACEMENT LOCAL CENTER PAGE INSIDE OFFSET 0.0802 0.0105
1 0 0 -98.544 325.756 -1 0 0 0 -0.817 -0.576 0 -0.576 0.817 18944.dat
0 BUFEXCHG A STORE
1 0 -90 -153.339 437.739 0 -1 0 -0.717 0 0.697 -0.697 0 -0.717 2420.dat
1 0 160 -153.339 437.739 0 1 0 0.697 0 -0.717 -0.717 0 -0.697 2420.dat
1 4 -15 -153.339 437.739 0 1 0 0.717 0 0.697 0.697 0 -0.717 HasvL3.dat
1 4 10 -153.339 437.739 0 -1 0 -0.717 0 0.697 -0.697 0 -0.717 HasvL6.dat
0 ROTSTEP 55 135 0 ABS
0 !LPUB ASSEM PLACEMENT LOCAL CENTER PAGE INSIDE OFFSET 0.1170 0.0169
0 BUFEXCHG A RETRIEVE
1 0 -10 -153.339 437.739 0 -1 0 -0.717 0 0.697 -0.697 0 -0.717 2420.dat
1 0 10 -153.339 437.739 0 1 0 0.697 0 -0.717 -0.717 0 -0.697 2420.dat
0 BUFEXCHG A STORE
1 4 -30 -153.339 437.739 0 1 0 0.717 0 0.697 0.697 0 -0.717 HasvL2.dat
1 4 30 -153.339 437.739 0 -1 0 -0.717 0 0.697 -0.697 0 -0.717 HasvL2.dat
0 !LPUB CALLOUT BEGIN
1 0 105.991 -139.403 423.403 0 1 0 0.717 0 0.697 0.697 0 -0.717 tail light.ldr
1 0 -105.987 -139.403 423.403 0 -1 0 -0.717 0 0.696 -0.697 0 -0.716 tail light.ldr
0 !LPUB CALLOUT POINTER CENTER 0.000 0.659 0.819 0.000 0.000 0.000 0.000 0.000 0.000 0.000 1
0 !LPUB CALLOUT POINTER TOP 0.842 0.969 0.464 0.000 0.000 0.000 0.000 0.000 0.000 0.000 1
0 !LPUB CALLOUT PLACEMENT RIGHT CENTER ASSEM OUTSIDE OFFSET -0.0627 0.3300
0 !LPUB CALLOUT ALLOC HORIZONTAL
0 !LPUB CALLOUT END
0 STEP
0 BUFEXCHG A RETRIEVE
1 0 25.999 -139.403 423.403 0 1 0 0.717 0 0.697 0.697 0 -0.717 tail light.ldr
1 0 -25.995 -139.403 423.403 0 -1 0 -0.717 0 0.696 -0.697 0 -0.716 tail light.ldr
0 STEP
0 NOFILE 
0 FILE exhaust.ldr
0 Author: Jaap Joris Vens
0 !LICENSE Creative Commons BY-SA
1 71 0 0 0 -1 0 0 0 1 0 0 0 -1 4868b.dat
1 71 0 -34 0 -1 0 0 0 1 0 0 0 -1 2460.dat
1 71 0 0 -25 0 0 -1 0 1 0 1 0 0 32073.dat
0 STEP
1 71 0 0 -50 0 -1 0 -1 0 0 0 0 -1 3713.dat
0 STEP
1 71 0 0 -90 -1 0 0 0 1 0 0 0 -1 32016.dat
1 4 0 -11.481 -117.716 0 0 -1 0.383 0.924 0 0.924 -0.383 0 32062.dat
0 STEP
1 71 0 -22.961 -145.433 -1 0 0 0 0.924 -0.383 0 -0.383 -0.924 32015.dat
0 STEP
1 0 0 -62.961 -145.433 0 0 -1 1 0 0 0 -1 0 18651.dat
1 71 0 -62.961 -145.433 0 -1 0 0 0 1 -1 0 0 3713.dat
0 NOFILE 
0 FILE rear wheel.ldr
0 Author: Jaap Joris Vens
0 !LICENSE Creative Commons BY-SA
0 !LPUB MULTI_STEP BEGIN
0 !LPUB MULTI_STEP ALLOC HORIZONTAL
0 !LPUB PLI CONSTRAIN LOCAL HEIGHT 1.2967
1 4 0 0 200 0 0 -1 0 1 0 1 0 0 88517.dat
1 256 0 0 200 0 0 -1 0 1 0 1 0 0 88516.dat
1 0 10 0 200 1 0 0 0 1 0 0 0 1 3707.dat
1 71 20 0 200 0 0 -1 -1 0 0 0 1 0 3713.dat
0 STEP
0 !LPUB MULTI_STEP DIVIDER
1 71 40 0 200 0 0 -1 -1 0 0 0 1 0 3649.dat
0 STEP
1 0 60 0 140 0 -1 0 -1 0 0 0 0 -1 32524.dat
1 0 50 0 80 1 0 0 0 0 -1 0 1 0 2780.dat
1 0 50 0 120 1 0 0 0 0 -1 0 1 0 2780.dat
0 STEP
0 !LPUB MULTI_STEP END
0 !LPUB MULTI_STEP BEGIN
1 0 40 0 60 0 -1 0 -1 0 0 0 0 -1 32524.dat
1 0 30 0 40 1 0 0 0 0 -1 0 1 0 2780.dat
1 71 75 0 200 0 0 1 0 1 0 -1 0 0 32123b.dat
0 STEP
1 0 20 0 40 0 -1 0 -1 0 0 0 0 -1 32523.dat
1 0 20 0 60 1 0 0 0 0 -1 0 1 0 32054.dat
0 STEP
0 !LPUB MULTI_STEP DIVIDER
1 71 -15 0 200 0 0 -1 0 1 0 1 0 0 32123b.dat
1 72 -20 0 60 1 0 0 0 0 -1 0 1 0 11214.dat
0 ROTSTEP 23 -45 0 ABS
1 71 -30 0 200 0 1 0 0 0 -1 -1 0 0 2723p01.dat
1 14 -20 -109.18 46.594 0 0 -1 -0.122 0.993 0 0.993 0.122 0 76537.dat
0 STEP
0 !LPUB MULTI_STEP END
0 !LPUB MULTI_STEP BEGIN
1 0 -40 0 100 0 1 0 1 0 0 0 0 -1 32525.dat
1 0 -30 0 40 1 0 0 0 0 -1 0 1 0 2780.dat
1 1 -30 0 20 1 0 0 0 0 -1 0 1 0 43093.dat
0 STEP
1 71 -55 0 200 0 0 -1 1 0 0 0 -1 0 32123b.dat
1 0 -20 0 20 0 -1 0 1 0 0 0 0 1 60483.dat
0 STEP
0 !LPUB MULTI_STEP END
0 NOFILE 
0 FILE swingarm bolt.ldr
0 Author: Jaap Joris Vens
0 !LICENSE Creative Commons BY-SA
0 !LPUB MULTI_STEP BEGIN
1 71 0 0 0 0 0 1 0 1 0 -1 0 0 44294.dat
1 71 0 0 -70 -1 0 0 0 1 0 0 0 -1 59443.dat
1 4 0 0 -90 0 0 -1 0 1 0 1 0 0 32062.dat
0 STEP
1 71 0 0 -100 1 0 0 0 1 0 0 0 1 3713.dat
0 STEP
0 !LPUB MULTI_STEP END
0 NOFILE 
0 FILE underseat.ldr
0 Author: Jaap Joris Vens
0 !LICENSE Creative Commons BY-SA
1 0 -25 12 0 0 0 -1 0 1 0 1 0 0 99206.dat
0 ROTSTEP 23 45 0 ABS
1 0 -55 4 0 0 0 1 0 1 0 -1 0 0 47753.dat
0 STEP
1 0 -5 -2 0 0 -1 0 0 0 -1 1 0 0 41678.dat
0 STEP
1 1 -5 -2 -30 0 0 -1 0 1 0 1 0 0 43093.dat
1 0 -5 -2 20 0 0 1 0 1 0 -1 0 0 18651.dat
0 NOFILE 
0 FILE front wheel.ldr
0 Author: Jaap Joris Vens
0 !LICENSE Creative Commons BY-SA
0 !LPUB MULTI_STEP BEGIN
0 !LPUB MULTI_STEP ALLOC HORIZONTAL
0 !LPUB ASSEM PLACEMENT LOCAL CENTER PAGE INSIDE OFFSET 20 20
0 !LPUB PLI CONSTRAIN LOCAL HEIGHT 2.9967
0 !LPUB CALLOUT BEGIN
1 47 -45 20 20 0.866 0 -0.5 -0.5 0 -0.866 0 1 0 headlight.ldr
0 !LPUB CALLOUT POINTER RIGHT 0.064 1.494 0.630 0.000 0.000 0.000 0.000 0.000 0.000 0.000 1
0 !LPUB CALLOUT PLACEMENT LEFT CENTER ASSEM OUTSIDE OFFSET -1.8866 -1.3318
0 !LPUB CALLOUT ALLOC VERTICAL
0 !LPUB CALLOUT END
0 !LPUB CALLOUT BEGIN
1 0 -5 50 -40 0 0 1 0 1 0 -1 0 0 poot.ldr
1 0 -5 50 40 0 0 1 0 1 0 -1 0 0 poot.ldr
0 !LPUB CALLOUT POINTER TOP 0.201 0.440 1.042 0.000 0.000 0.000 0.000 0.000 0.000 0.000 1
0 !LPUB CALLOUT POINTER TOP 0.841 0.910 0.905 0.000 0.000 0.000 0.000 0.000 0.000 0.000 1
0 !LPUB CALLOUT PLACEMENT BOTTOM CENTER ASSEM OUTSIDE OFFSET 0.1604 -0.4338
0 !LPUB CALLOUT END
0 STEP
1 0 -5 5 0 -1 0 0 0 1 0 0 0 -1 11478.dat
1 0 -5 -5 0 -1 0 0 0 1 0 0 0 -1 11478.dat
1 0 -5 75 0 -1 0 0 0 1 0 0 0 -1 11478.dat
1 0 -5 85 0 -1 0 0 0 1 0 0 0 -1 11478.dat
1 72 -25 20 -50 0 0 1 0 1 0 -1 0 0 32002.dat
1 72 -25 20 50 0 0 1 0 -1 0 1 0 0 32002.dat
0 STEP
0 !LPUB ASSEM PLACEMENT LOCAL CENTER PAGE INSIDE OFFSET 0.0546 -0.0315
0 !LPUB MULTI_STEP END
0 !LPUB PLI CONSTRAIN LOCAL HEIGHT 3.3767
0 !LPUB CALLOUT BEGIN
1 71 -5 -40 -40 0 0 1 0 1 0 -1 0 0 bar left.ldr
0 !LPUB CALLOUT POINTER RIGHT 0.422 -0.010 0.421 0.000 0.000 0.000 0.000 0.000 0.000 0.000 1
0 !LPUB CALLOUT PLACEMENT LEFT CENTER ASSEM OUTSIDE OFFSET -0.1724 -0.0084
0 !LPUB CALLOUT END
0 !LPUB CALLOUT BEGIN
1 1 -5 -40 40 -1 0 0 0 1 0 0 0 -1 bar right.ldr
0 !LPUB CALLOUT POINTER LEFT 0.158 0.912 0.018 0.000 0.000 0.000 0.000 0.000 0.000 0.000 1
0 !LPUB CALLOUT PLACEMENT RIGHT CENTER ASSEM OUTSIDE OFFSET 0.0555 -0.0100
0 !LPUB CALLOUT END
0 STEP
0 !LPUB MULTI_STEP BEGIN
0 !LPUB ASSEM MODEL_SCALE LOCAL  1.2500
1 0 -5 90 -40 1 0 0 0 1 0 0 0 1 shock-09_5l-soft-1.ldr
1 0 -5 90 40 1 0 0 0 1 0 0 0 1 shock-09_5l-soft-1.ldr
1 1 -5 260 0 -1 0 0 0 1 0 0 0 -1 wheel.ldr
0 STEP
0 !LPUB ASSEM MODEL_SCALE LOCAL  1.2500
1 1 -25 100 -50 0 0 -1 0 1 0 1 0 0 43093.dat
1 1 -25 100 50 0 0 1 0 1 0 -1 0 0 43093.dat
1 71 -5 260 -55 -1 0 0 0 1 0 0 0 -1 32123b.dat
1 71 -5 260 55 -1 0 0 0 1 0 0 0 -1 32123b.dat
0 STEP
0 !LPUB MULTI_STEP END
0 !LPUB MULTI_STEP BEGIN
1 0 -25 50 -55 -1 0 0 0 0 1 0 1 0 32063.dat
1 0 -25 50 55 -1 0 0 0 0 1 0 1 0 32063.dat
0 ROTSTEP 23 -45 0 ABS
0 !LPUB CALLOUT BEGIN
1 71 -36.679 -5.588 0 0 0.5 -0.866 0 0.866 0.5 1 0 0 dashboard.ldr
0 !LPUB CALLOUT POINTER CENTER 0 0.258929 0.303826 0 0 0 0 0 0 1
0 !LPUB CALLOUT END
0 STEP
0 !LPUB MULTI_STEP END
0 NOFILE 
0 FILE headlight.ldr
0 Author: Jaap Joris Vens
0 !LICENSE Creative Commons BY-SA
1 0 0 5 -40 1 0 0 0 1 0 0 0 1 6632.dat
1 0 0 -5 -40 1 0 0 0 1 0 0 0 1 6632.dat
1 71 0 -20 0 0 -1 0 1 0 0 0 0 1 32073.dat
1 71 0 -20 -40 0 -1 0 1 0 0 0 0 1 32073.dat
0 STEP
1 0 0 -20 -40 0 0 1 1 0 0 0 1 0 6536.dat
1 0 0 -20 0 0 1 0 1 0 0 0 0 -1 32291.dat
0 STEP
1 0 0 -45 -40 1 0 0 0 1 0 0 0 1 6632.dat
1 0 0 -35 -40 1 0 0 0 1 0 0 0 1 6632.dat
0 STEP
0 !LPUB CALLOUT DIVIDER
1 71 20 -30 10 0 0 -1 0 1 0 1 0 0 4274.dat
1 71 20 -10 10 0 0 -1 0 1 0 1 0 0 4274.dat
1 0 -20 -20 -20 -1 0 0 0 1 0 0 0 -1 18651.dat
0 ROTSTEP 0 180 0 REL
0 STEP
1 0 -30 -20 -20 0 0 -1 0 1 0 1 0 0 56904.dat
0 STEP
1 0 -42 -20 -20 0 -1 0 0 0 1 -1 0 0 4032b.dat
1 47 -50 -20 -20 0 -1 0 0 0 1 -1 0 0 2654.dat
0 NOFILE 
0 FILE poot.ldr
0 Author: Jaap Joris Vens
0 !LICENSE Creative Commons BY-SA
1 71 0 -10 0 0 -1 0 1 0 0 0 0 1 44294.dat
1 0 0 5 0 0 0 -1 1 0 0 0 -1 0 6536.dat
1 0 0 -30 -20 0 0 -1 1 0 0 0 -1 0 42003.dat
0 NOFILE 
0 FILE bar left.ldr
0 Author: Jaap Joris Vens
0 !LICENSE Creative Commons BY-SA
1 0 0 0 0 0 -1 0 0 0 -1 1 0 0 32015.dat
1 1 0 0 -10 0 1 0 0 0 -1 -1 0 0 43093.dat
1 4 27.716 -11.481 0 -0.924 0 -0.383 0.383 0 -0.924 0 -1 0 32062.dat
0 STEP
1 0 0 20 -20 0 0 -1 0 1 0 1 0 0 42003.dat
1 72 10 40 -20 1 0 0 0 1 0 0 0 1 32002.dat
0 STEP
1 0 55.433 -22.961 0 0.383 0.354 -0.854 0.924 -0.146 0.354 0 -0.924 -0.383 32016.dat
1 1 81.039 -33.568 11.481 -0.854 -0.383 -0.354 0.354 -0.924 0.146 -0.383 0 0.924 43093.dat
0 STEP
1 0 98.11 -40.639 19.134 -0.854 -0.383 -0.354 0.354 -0.924 0.146 -0.383 0 0.924 62462.dat
1 0 123.717 -51.245 30.615 -0.854 -0.198 -0.483 0.354 -0.899 -0.258 -0.383 -0.391 0.837 15100.dat
0 STEP
1 0 127.663 -33.26 38.429 -0.198 0.119 0.973 -0.899 0.374 -0.228 -0.391 -0.92 0.033 15100.dat
1 71 126.473 -36.996 47.629 -0.119 -0.973 -0.198 -0.374 0.228 -0.899 0.92 -0.033 -0.391 4274.dat
0 STEP
1 71 125.521 -39.985 54.99 -0.973 0.119 -0.198 0.228 0.374 -0.899 -0.033 -0.92 -0.391 14769.dat
0 NOFILE 
0 FILE shock-09_5l-soft-1.ldr
0 Author: LDCad
0 !LICENSE Creative Commons BY-SA
0 !CATEGORY Technic
0 !KEYWORDS spring, shock
0 !LDCAD CONTENT [type=spring] [addFallBack=default] [cRes=16] [cResLD=16] [cDia=20] [cRoll=0] [wRes=8] [wResLD=8] [wDia=0.75mm] [wCol=494] [sepMesh=false]
0 !LDCAD SPRING_CAP [group=start] [color=16] [posOri=0 50 0 1 0 0 0 1 0 0 0 1] [part=2909.dat] [inlineRef=false]
0 !LDCAD SPRING_CAP [group=end] [color=16] [posOri=0 170 0 1 0 0 0 1 0 0 0 1] [part=2910.dat] [inlineRef=false]
0 !LDCAD SPRING_ANCHOR [group=start] [posOri=-20 10 0 1 0 0 0 1 0 0 0 1]
0 !LDCAD SPRING_POINT [group=start] [posOri=0 40 0 1 0 0 0 1 0 0 0 1]
0 !LDCAD SPRING_POINT [group=end] [posOri=0 140 0 1 0 0 0 1 0 0 0 1]
0 !LDCAD SPRING_SECTION [windingCnt=2] [proportion=0]
0 !LDCAD SPRING_SECTION [windingCnt=12] [proportion=1]
0 !LDCAD SPRING_SECTION [windingCnt=2] [proportion=0]
0 !LDCAD GENERATED [generator=LDCad 1.6d]
0 //This is the fallback LDraw content for above SPRING configuration.
0 // Do not edit, any changes will be lost upon regeneration.
0 // The spring is approx 40.00 mm (100.00), exists out of 3 section(s) and uses 16.00 windings.
0 //Some general hints about the document.
0 UNOFFICIAL PART
0 BFC CERTIFY CCW
0 //Start cap reference(s)
1 16 0 50 0 1 0 0 0 1 0 0 0 1 2909.dat
0 //End cap reference(s)
1 16 0 170 0 1 0 0 0 1 0 0 0 1 2910.dat
0 //Spring mesh reference
1 494 0 40 0 1 0 0 0 1 0 0 0 1 shock-09_5L-soft-1_springMesh.ldr
0 FILE shock-09_5l-soft-1_springmesh.ldr
0 Name: shock-09_5L-soft-1_springMesh.ldr
0 Author: LDCad
0 !LICENSE Creative Commons BY-SA
0 !LDCAD GENERATED [generator=LDCad 1.6d] [master=shock-09_5L-soft-1.ldr]
0 //This is additional fallback LDraw content for the "shock-09_5L-soft-1.ldr" SPRING configuration.
0 // Do not edit, any changes will be lost upon regeneration.
0 // The spring is approx 40.00 mm (100.00), exists out of 3 section(s) and uses 16.00 windings.
0 //Some general hints about the document.
0 UNOFFICIAL PART
0 BFC CERTIFY CCW
0 //Spring section(s)
0 // Using a coil resolution of 16, and a wire resolution of 8.
0 // Using a coil diameter of 8.00 mm (20.00), and a wire diameter of 0.75 mm (1.88).
0 // Using a roll of 0.00 degrees.
0 // section 1 using a length of 1.88 mm (4.69) and 2.00 windings.
3 16 -10.9375 0.9375 -0.234375 -10 0.9375 0 -10.274588 0.274587 0
2 24 -10.274588 0.274587 0 -10 0.9375 0
5 24 -10.9375 0.9375 -0.234375 -10 0.9375 0 -10.274588 0.274587 0 -10.274588 1.600413 0
3 16 -10.9375 0.9375 -0.234375 -10.274588 1.600413 0 -10 0.9375 0
2 24 -10 0.9375 0 -10.274588 1.600413 0
5 24 -10.9375 0.9375 -0.234375 -10.274588 1.600413 0 -10 0.9375 0 -10.9375 1.875 0
3 16 -10.9375 0.9375 -0.234375 -10.9375 1.875 0 -10.274588 1.600413 0
2 24 -10.274588 1.600413 0 -10.9375 1.875 0
5 24 -10.9375 0.9375 -0.234375 -10.9375 1.875 0 -10.274588 1.600413 0 -11.600412 1.600413 0
3 16 -10.9375 0.9375 -0.234375 -11.600412 1.600413 0 -10.9375 1.875 0
2 24 -10.9375 1.875 0 -11.600412 1.600413 0
5 24 -10.9375 0.9375 -0.234375 -11.600412 1.600413 0 -10.9375 1.875 0 -11.875 0.9375 0
3 16 -10.9375 0.9375 -0.234375 -11.875 0.9375 0 -11.600412 1.600413 0
2 24 -11.600412 1.600413 0 -11.875 0.9375 0
5 24 -10.9375 0.9375 -0.234375 -11.875 0.9375 0 -11.600412 1.600413 0 -11.600412 0.274587 0
3 16 -10.9375 0.9375 -0.234375 -11.600412 0.274587 0 -11.875 0.9375 0
2 24 -11.875 0.9375 0 -11.600412 0.274587 0
5 24 -10.9375 0.9375 -0.234375 -11.600412 0.274587 0 -11.875 0.9375 0 -10.9375 0 0
3 16 -10.9375 0.9375 -0.234375 -10.9375 0 0 -11.600412 0.274587 0
2 24 -11.600412 0.274587 0 -10.9375 0 0
5 24 -10.9375 0.9375 -0.234375 -10.9375 0 0 -11.600412 0.274587 0 -10.274588 0.274587 0
3 16 -10.9375 0.9375 -0.234375 -10.274588 0.274587 0 -10.9375 0 0
2 24 -10.9375 0 0 -10.274588 0.274587 0
5 24 -10.9375 0.9375 -0.234375 -10.274588 0.274587 0 -10.9375 0 0 -10 0.9375 0
4 16 -10.274588 0.274587 0 -10 0.9375 0 -9.238795 1.054688 3.826834 -9.485518 0.392025 3.948726
5 24 -10 0.9375 0 -9.238795 1.054688 3.826834 -9.485518 0.392025 3.948726 -9.499445 1.71735 3.915103
4 16 -10 0.9375 0 -10.274588 1.600413 0 -9.499445 1.71735 3.915103 -9.238795 1.054688 3.826834
5 24 -10.274588 1.600413 0 -9.499445 1.71735 3.915103 -9.238795 1.054688 3.826834 -10.11478 1.991834 4.161825
4 16 -10.274588 1.600413 0 -10.9375 1.875 0 -10.11478 1.991834 4.161825 -9.499445 1.71735 3.915103
5 24 -10.9375 1.875 0 -10.11478 1.991834 4.161825 -9.499445 1.71735 3.915103 -10.724347 1.71735 4.422474
4 16 -10.9375 1.875 0 -11.600412 1.600413 0 -10.724347 1.71735 4.422474 -10.11478 1.991834 4.161825
5 24 -11.600412 1.600413 0 -10.724347 1.71735 4.422474 -10.11478 1.991834 4.161825 -10.971069 1.054688 4.544366
4 16 -11.600412 1.600413 0 -11.875 0.9375 0 -10.971069 1.054688 4.544366 -10.724347 1.71735 4.422474
5 24 -11.875 0.9375 0 -10.971069 1.054688 4.544366 -10.724347 1.71735 4.422474 -10.710421 0.392025 4.456097
4 16 -11.875 0.9375 0 -11.600412 0.274587 0 -10.710421 0.392025 4.456097 -10.971069 1.054688 4.544366
5 24 -11.600412 0.274587 0 -10.710421 0.392025 4.456097 -10.971069 1.054688 4.544366 -10.095084 0.117541 4.209375
4 16 -11.600412 0.274587 0 -10.9375 0 0 -10.095084 0.117541 4.209375 -10.710421 0.392025 4.456097
5 24 -10.9375 0 0 -10.095084 0.117541 4.209375 -10.710421 0.392025 4.456097 -9.485518 0.392025 3.948726
4 16 -10.9375 0 0 -10.274588 0.274587 0 -9.485518 0.392025 3.948726 -10.095084 0.117541 4.209375
5 24 -10.274588 0.274587 0 -9.485518 0.392025 3.948726 -10.095084 0.117541 4.209375 -9.238795 1.054688 3.826834
4 16 -9.485518 0.392025 3.948726 -9.238795 1.054688 3.826834 -7.071068 1.171875 7.071068 -7.252364 0.509212 7.278097
5 24 -9.238795 1.054688 3.826834 -7.071068 1.171875 7.071068 -7.252364 0.509212 7.278097 -7.278097 1.834538 7.252364
5 24 -9.238795 1.054688 3.826834 -9.499445 1.71735 3.915103 -10 0.9375 0 -7.071068 1.171875 7.071068
4 16 -9.238795 1.054688 3.826834 -9.499445 1.71735 3.915103 -7.278097 1.834538 7.252364 -7.071068 1.171875 7.071068
5 24 -9.499445 1.71735 3.915103 -7.278097 1.834538 7.252364 -7.071068 1.171875 7.071068 -7.752177 2.109022 7.715784
5 24 -9.499445 1.71735 3.915103 -10.11478 1.991834 4.161825 -10.274588 1.600413 0 -7.278097 1.834538 7.252364
