0 FILE main.ldr
0 main.ldr
0 Name: main.ldr
0 Author: Jaap Joris Vens
0 Unofficial Model
0 !LPUB BOM MODEL_SCALE GLOBAL  0.5000
0 !LPUB BOM BORDER GLOBAL SQUARE 0 Black 0.031 MARGINS 0.050 0.050
0 !LPUB BOM BACKGROUND GLOBAL TRANSPARENT
0 !LPUB MULTI_STEP SEPARATOR GLOBAL THICKNESS 0.03125 "black" MARGINS 0.2 0.2
0 !LPUB PAGE NUMBER MARGINS GLOBAL 0.0500 0.2000
0 !LPUB PAGE NUMBER FONT GLOBAL "Arial,60,-1,5,75,0,0,0,0,0,Bold"
0 !LPUB PLI MODEL_SCALE GLOBAL  0.7500
0 !LPUB CALLOUT BACKGROUND GLOBAL COLOR "#caedff"
0 !LPUB CALLOUT BORDER GLOBAL SQUARE 1 Black 0.010 MARGINS 0.200 0.200
0 !LPUB PAGE DISPLAY_PAGE_NUMBER GLOBAL TRUE
0 !LPUB ASSEM MODEL_SCALE GLOBAL  1.5000
0 !LPUB PAGE BACKGROUND GLOBAL COLOR "#e3e3e3"
0 !LPUB PLI CIRCLE_STYLE FONT GLOBAL "Arial,36,-1,5,50,0,0,0,0,0,Regular"
0 !LPUB PLI SQUARE_STYLE FONT GLOBAL "Arial,36,-1,5,50,0,0,0,0,0,Regular"
0 !LPUB PLI CIRCLE_STYLE MARGINS GLOBAL 0.0000 0.0000
0 !LPUB PLI CIRCLE_STYLE BORDER GLOBAL SQUARE 0 #3a3938 0.016 MARGINS 0.000 0.000
0 !LPUB PLI CIRCLE_STYLE BACKGROUND GLOBAL TRANSPARENT
0 !LPUB PLI SQUARE_STYLE MARGINS GLOBAL 0.0000 0.0000
0 !LPUB PLI SQUARE_STYLE BORDER GLOBAL NONE 0 MARGINS 0.000 0.000
0 !LPUB PLI SQUARE_STYLE BACKGROUND GLOBAL TRANSPARENT
0 !LPUB PLI ANNOTATION USE_TITLE GLOBAL FALSE
0 !LPUB PLI ANNOTATION PANEL GLOBAL TRUE
0 !LPUB PLI ANNOTATION CONNECTOR GLOBAL TRUE
0 !LPUB PLI ANNOTATION CONNECTOR GLOBAL FALSE
0 !LPUB PLI ANNOTATION CABLE GLOBAL FALSE
0 !LPUB PLI ANNOTATION DISPLAY GLOBAL TRUE
0 !LPUB PLI PART MARGINS GLOBAL 0.2000 0.1000
0 !LPUB PLI BORDER GLOBAL SQUARE 1 Black 0.010 MARGINS 0.200 0.100
0 !LPUB PLI MARGINS GLOBAL 0.2000 0.0500
0 !LPUB PAGE MARGINS GLOBAL 0.2000 0.0500
0 !LPUB RESOLUTION GLOBAL 300 DPI
0 !LPUB ASSEM SHOW_STEP_NUMBER GLOBAL FALSE
0 !LPUB PAGE ORIENTATION GLOBAL LANDSCAPE
0 !LPUB PAGE SIZE GLOBAL 7.6800 13.6600 Custom
0 !LPUB INSERT COVER_PAGE BACK
0 ROTATION CENTER 0 0 0 1 "Custom"
0 ROTATION CONFIG 0 0
0 !LPUB ASSEM MODEL_SCALE LOCAL  1.2500
1 0 0 0 0 1 0 0 0 0.974 -0.225 0 0.225 0.974 right_frame.ldr
1 0 60 38.972 10.941 0 0 1 -0.224 0.973 0 -0.973 -0.224 0 axle.ldr
1 0 150 47.96 -29.96 -1 0 0 0 0.974 -0.225 0 -0.225 -0.974 6628.dat
1 0 160 47.96 -29.96 0 -1 0 0.999 0 0.035 -0.035 0 0.999 32005.dat
0 STEP
0 !LPUB ASSEM MODEL_SCALE LOCAL  1.2500
0 !LPUB ASSEM PLACEMENT LOCAL CENTER PAGE INSIDE OFFSET 0.0598 0.0000
1 0 -30 47.96 -29.96 1 0 -0.001 0 0.974 0.225 0.001 -0.225 0.974 6628.dat
1 0 -40 47.96 -29.96 0 -1 0 0.999 0 0.035 -0.035 0 0.999 32005.dat
0 ROTSTEP 23 -45 0 ABS
0 !LPUB ASSEM PLACEMENT LOCAL CENTER PAGE INSIDE OFFSET 0.0370 0.0242
0 !LPUB CALLOUT PLI PER_STEP FALSE
0 !LPUB CALLOUT BEGIN
1 0 158 72.742 165.182 -0.024 0.227 -0.974 0.172 0.96 0.22 0.985 -0.162 -0.062 shock left.ldr
0 !LPUB CALLOUT POINTER RIGHT 0.587 0.595 0.621 0.000 0.000 0.000 0.000 0.000 0.000 0.000 1
0 !LPUB CALLOUT PLACEMENT LEFT ASSEM INSIDE OFFSET 0.1400 -0.0057
0 !LPUB CALLOUT ALLOC HORIZONTAL
0 !LPUB CALLOUT END
0 !LPUB CALLOUT PLI PER_STEP FALSE
0 !LPUB CALLOUT BEGIN
1 0 -40.003 74.114 164.94 -0.007 -0.222 0.975 -0.173 0.96 0.217 -0.985 -0.167 -0.045 shock right.ldr
0 !LPUB CALLOUT POINTER CENTER 0.000 0.906 0.457 0.000 0.000 0.000 0.000 0.000 0.000 0.000 1
0 !LPUB CALLOUT ALLOC HORIZONTAL
0 !LPUB CALLOUT END
0 ROTSTEP 175 30 -180 ABS
0 !LPUB ASSEM MODEL_SCALE LOCAL  1.4000
1 0 239.967 -75.189 135.32 0 0 0.999 -0.121 0.992 0 -0.992 -0.121 0 left_wheel_arch.ldr
1 0 -120.057 -85.351 66.166 1 0 0 0 0.992 0.122 0 -0.122 0.992 right_wheel_arch.ldr
0 ROTSTEP 23 45 0 ABS
0 !LPUB ASSEM MODEL_SCALE LOCAL  1.2500
1 0 60 -63.665 48.005 0 0 -0.999 -0.225 0.973 0 0.974 0.225 0 batterybox.ldr
0 !LPUB CALLOUT BEGIN
1 0 79.931 -50.903 -51.627 0 -0.999 0 -0.974 0 0.225 -0.225 0 -0.973 pin.ldr
1 0 39.931 -50.903 -51.627 0 -0.999 0 -0.974 0 0.225 -0.225 0 -0.973 pin.ldr
0 !LPUB CALLOUT POINTER TOP_LEFT 0.582 0.479 0.000 0.000 0.000 0.000 0.000 0.000 0.000 1
0 !LPUB CALLOUT PLACEMENT LEFT ASSEM INSIDE OFFSET 0.6428 0.1374
0 !LPUB CALLOUT END
0 STEP
0 !LPUB CALLOUT BEGIN
1 0 60 -86.95 154.33 0 0 -1 -0.225 0.974 0 0.974 0.225 0 pin.ldr
0 !LPUB CALLOUT POINTER TOP_LEFT 0.689 0.397 0.000 0.000 0.000 0.000 0.000 0.000 0.000 1
0 !LPUB CALLOUT PLACEMENT LEFT ASSEM INSIDE OFFSET 0.9152 0.0946
0 !LPUB CALLOUT END
0 ROTSTEP 175 30 -180 ABS
1 0 230 61.374 108.265 0 0 -1 0.954 0.293 0 0.293 -0.954 0 44772.dat
1 256 232.999 61.374 108.265 0 0 -1 0.223 0.97 0 0.97 -0.223 0 56907.dat
1 0 -110 61.374 108.265 0 0 1 0.764 0.642 0 -0.642 0.764 0 44772.dat
1 256 -112.999 61.374 108.265 0 0 1 0.223 0.97 0 -0.97 0.223 0 56907.dat
0 STEP
0 !LPUB ASSEM MODEL_SCALE LOCAL  1.1000
1 47 0 -46.519 -455.935 0 0 -1 0.404 0.913 0 0.913 -0.404 0 front.ldr
0 ROTSTEP 23 45 0 ABS
0 !LPUB PLI CONSTRAIN LOCAL HEIGHT 2.6133
0 !LPUB ASSEM MODEL_SCALE LOCAL  1.2500
0 !LPUB CALLOUT BEGIN
1 47 60 -57.749 -407.295 0 0 -1 0.404 0.913 0 0.913 -0.404 0 thingy2.ldr
0 !LPUB CALLOUT POINTER TOP 0.540 0.270 0.576 0.000 0.000 0.000 0.000 0.000 0.000 0.000 1
0 !LPUB CALLOUT PLACEMENT BOTTOM CENTER ASSEM OUTSIDE OFFSET -0.2531 -0.2873
0 !LPUB CALLOUT END
0 !LPUB CALLOUT BEGIN
1 47 60 -149.049 -366.895 0 0 -1 0.404 0.913 0 0.913 -0.404 0 thingy1.ldr
0 !LPUB CALLOUT POINTER LEFT 0.528 0.360 0.268 0.000 0.000 0.000 0.000 0.000 0.000 0.000 1
0 !LPUB CALLOUT PLACEMENT TOP CENTER ASSEM OUTSIDE OFFSET 0.0448 0.3046
0 !LPUB CALLOUT END
0 ROTSTEP 0 90 0 ABS
1 0 95 -49.669 -389.035 0 -1 0 0.404 0 -0.913 0.913 0 0.404 32250.dat
1 0 25 -49.656 -389.008 0 -1 0 0.404 0 -0.913 0.913 0 0.404 32250.dat
0 ROTSTEP 23 135 0 ABS
0 !LPUB PLI CONSTRAIN LOCAL HEIGHT 2.2133
0 !LPUB CALLOUT BEGIN
1 0 130.585 -103.302 -362.139 0.258 0 0.965 -0.39 0.912 0.104 -0.881 -0.403 0.236 tank left.ldr
0 !LPUB CALLOUT POINTER TOP 0.499 0.258 0.309 0.000 0.000 0.000 0.000 0.000 0.000 0.000 1
0 !LPUB CALLOUT PLACEMENT TOP CENTER ASSEM OUTSIDE OFFSET -0.2568 0.6214
0 !LPUB CALLOUT END
0 !LPUB CALLOUT BEGIN
1 0 51.208 -72.393 -292.287 0.258 0 -0.965 0.39 0.912 0.104 0.881 -0.403 0.236 tank right.ldr
0 !LPUB CALLOUT POINTER LEFT 0.376 0.392 0.196 0.000 0.000 0.000 0.000 0.000 0.000 0.000 1
0 !LPUB CALLOUT PLACEMENT CENTER ASSEM INSIDE OFFSET 0.0808 -0.3042
0 !LPUB CALLOUT END
0 STEP
0 !LPUB CALLOUT BEGIN
1 4 69.988 -141.778 -319.911 0 0.035 0.999 -0.698 0.713 -0.025 -0.714 -0.698 0.024 tank top.ldr
0 !LPUB CALLOUT POINTER TOP 0.573 0.336 0.238 0.000 0.000 0.000 0.000 0.000 0.000 0.000 1
0 !LPUB CALLOUT PLACEMENT CENTER ASSEM INSIDE OFFSET -0.1955 -0.0171
0 !LPUB CALLOUT END
0 STEP
0 !LPUB ASSEM MODEL_SCALE LOCAL  1.0000
1 0 59.311 -231.106 167.91 0.008 0 1 0.087 -0.996 -0.001 0.996 0.087 -0.008 luggage.ldr
0 ROTSTEP 23 45 0 ABS
0 STEP
0 !LPUB BOM CONSTRAIN LOCAL HEIGHT 6.6400
0 !LPUB INSERT PAGE
0 !LPUB INSERT BOM
0 NOFILE 
0 FILE left_wheel_arch.ldr
0 left_wheel_arch.ldr
0 Author: Super Formosa
0 Unofficial Model
0 !LPUB MULTI_STEP BEGIN
0 ROTATION CENTER 0 0 0 1 "Custom"
0 ROTATION CONFIG 0 0
1 4 0 0 0 0 0 1 -1 0 0 0 -1 0 11947.dat
1 0 60 0 -10 0 0 1 0 -1 0 1 0 0 2780.dat
1 0 40 0 -10 0 0 1 0 -1 0 1 0 0 2780.dat
1 1 -10 0 0 1 0 0 0 -1 0 0 0 -1 43093.dat
0 STEP
1 4 -20 0 0 1 0 0 0 -1 0 0 0 -1 32034.dat
1 4 40 0 -20 0 0 1 1 0 0 0 1 0 32316.dat
1 1 80 0 -40 0 0 1 0 1 0 -1 0 0 6558.dat
0 STEP
1 4 -20 0 -40 0 0 1 1 0 0 0 1 0 6629.dat
1 1 116 48 -50 0 -0.799999 -0.600001 0 0.600001 -0.799999 1 0 0 43093.dat
1 0 -20 0 -40 0 0 -1 0 1 0 1 0 0 18651.dat
1 4 0 0 -40 0 0 -1 0 1 0 1 0 0 32054.dat
1 0 20 0 -50 0 0 -1 0 1 0 1 0 0 2780.dat
0 STEP
0 !LPUB MULTI_STEP DIVIDER
1 4 152 96 -60 -0.799999 0 -0.600001 0.600001 0 -0.799999 0 -1 0 32271.dat
1 1 128 64 -40 0 0 -1 0 1 0 1 0 0 6558.dat
1 1 140 80 -40 0 0 -1 0 1 0 1 0 0 6558.dat
1 4 20 0 -60 0 -1 0 0 0 -1 1 0 0 32013.dat
1 4 -20 0 -60 0 -1 0 0 0 -1 1 0 0 32013.dat
0 STEP
1 4 140 80 -40 0.799999 0 -0.600001 -0.600001 0 -0.799999 0 1 0 32523.dat
0 STEP
0 !LPUB MULTI_STEP END
0 !LPUB CALLOUT BEGIN
1 4 104 32 -21 0 -0.799999 0.600001 0 0.600001 0.799999 -1 0 0 left_wheel_arch_panel.ldr
0 !LPUB CALLOUT POINTER LEFT 0.168 0.859 0.397 0.000 0.000 0.000 0.000 0.000 0.000 0.000 1
0 !LPUB CALLOUT PLACEMENT LEFT ASSEM INSIDE OFFSET 1.2594 -0.0601
0 !LPUB CALLOUT END
0
0 NOFILE 
0 FILE left_wheel_arch_panel.ldr
0 left_wheel_arch_panel.ldr
0 Name: left_wheel_arch_panel.ldr
0 Author: Super Formosa
0 Unofficial Model
0 ROTATION CENTER 0 0 0 1 "Custom"
0 ROTATION CONFIG 0 0
1 4 0 0 0 0 1 0 -1 0 0 0 0 1 11947.dat
1 4 0 0 -10 0 0 -1 0 1 0 1 0 0 32062.dat
0 STEP
1 4 -20 0 -15 0 0 1 -1 0 0 0 -1 0 41677.dat
1 4 -20 0 -25 0 0 1 -1 0 0 0 -1 0 41677.dat
0
0
0
0 NOFILE 
0 FILE right_wheel_arch.ldr
0 right_wheel_arch
0 Name: right_wheel_arch.ldr
0 Author: Super Formosa
0 Unofficial Model
0 !LPUB MULTI_STEP BEGIN
0 ROTATION CENTER 0 0 0 1 "Custom"
0 ROTATION CONFIG 0 0
1 4 0 0 70 0 1 0 1 0 0 0 0 -1 11946.dat
1 0 10 0 10 1 0 0 0 -1 0 0 0 -1 2780.dat
1 0 10 0 30 1 0 0 0 -1 0 0 0 -1 2780.dat
1 1 0 0 80 0 0 -1 0 -1 0 -1 0 0 43093.dat
0 STEP
1 4 0 0 90 0 0 -1 0 -1 0 -1 0 0 32034.dat
1 4 20 0 30 0 1 0 1 0 0 0 0 -1 32316.dat
1 1 40 0 -10 1 0 0 0 -1 0 0 0 -1 6558.dat
0 STEP
1 4 40 0 90 0 1 0 1 0 0 0 0 -1 6629.dat
1 1 50 48 -46 -1 0 0 0 0.600001 -0.799999 0 -0.799999 -0.600001 43093.dat
1 0 40 0 90 -1 0 0 0 -1 0 0 0 1 18651.dat
1 4 40 0 70 -1 0 0 0 -1 0 0 0 1 32054.dat
1 0 50 0 50 -1 0 0 0 -1 0 0 0 1 2780.dat
0 STEP
0 !LPUB MULTI_STEP DIVIDER
1 4 60 96 -82 0 -1 0 0.600001 0 -0.799999 0.799999 0 0.600001 32271.dat
1 1 40 64 -58 -1 0 0 0 -1 0 0 0 1 6558.dat
1 1 40 80 -70 -1 0 0 0 -1 0 0 0 1 6558.dat
1 4 60 0 50 -1 0 0 0 0 -1 0 -1 0 32013.dat
1 4 60 0 90 -1 0 0 0 0 -1 0 -1 0 32013.dat
0 STEP
1 4 40 80 -70 0 1 0 -0.600001 0 -0.799999 -0.799999 0 0.600001 32523.dat
0 STEP
0 !LPUB MULTI_STEP END
0 !LPUB CALLOUT BEGIN
1 4 0 32 -34 -1 0 0 0 0.600001 0.799999 0 0.799999 -0.600001 right_wheel_arch_panel.ldr
0 !LPUB CALLOUT POINTER RIGHT 0.409 0.108 0.605 0.000 0.000 0.000 0.000 0.000 0.000 0.000 1
0 !LPUB CALLOUT PLACEMENT LEFT ASSEM INSIDE OFFSET -1.2121 0.0721
0 !LPUB CALLOUT END
0
0 NOFILE 
0 FILE right_wheel_arch_panel.ldr
0 right_wheel_arch_panel
0 Name: right_wheel_arch_panel.ldr
0 Author: Super Formosa
0 Unofficial Model
0 ROTATION CENTER 0 0 0 1 "Custom"
0 ROTATION CONFIG 0 0
1 4 -20 0 0 0 -1 0 1 0 0 0 0 1 11946.dat
1 4 -20 0 -10 0 0 -1 0 1 0 1 0 0 32062.dat
0 STEP
1 4 -20 0 -15 0 0 1 -1 0 0 0 -1 0 41677.dat
1 4 -20 0 -25 0 0 1 -1 0 0 0 -1 0 41677.dat
0
0 NOFILE 
0 FILE batterybox.ldr
0 batterybox
0 Name: batterybox.ldr
0 Author: Super Formosa
0 Unofficial Model
0 ROTATION CENTER 0 0 0 1 "Custom"
0 ROTATION CONFIG 0 0
1 71 0 0 0 1 0 0 0 0 -1 0 1 0 58119.dat
1 4 100 0 0 0 0 -1 -1 0 0 0 1 0 32184.dat
1 4 20 -50 0 0 0 1 0 1 0 -1 0 0 batterybox_cover.ldr
0
0
0 NOFILE 
0 FILE batterybox_cover.ldr
0 batterybox_cover
0 Name: batterybox_cover.ldr
0 Author: Super Formosa
0 Unofficial Model
0 !LPUB MULTI_STEP BEGIN
0 ROTATION CENTER 0 0 0 1 "Custom"
0 ROTATION CONFIG 0 0
1 4 0 0 0 0 0 -1 0 1 0 1 0 0 15458.dat
1 0 30 0 40 1 0 0 0 1 0 0 0 1 2780.dat
1 0 30 0 -40 1 0 0 0 1 0 0 0 1 2780.dat
1 0 -30 0 -40 1 0 0 0 1 0 0 0 1 2780.dat
1 0 -30 0 40 1 0 0 0 1 0 0 0 1 2780.dat
1 71 20 -10 -80 0 1 0 -1 0 0 0 0 1 4274.dat
1 71 -20 -10 -80 0 1 0 -1 0 0 0 0 1 4274.dat
0 STEP
1 4 40 0 0 0 -1 0 -1 0 0 0 0 -1 11954.dat
1 4 -40 0 0 0 1 0 -1 0 0 0 0 1 11954.dat
1 0 40 -10 -60 0 -1 0 1 0 0 0 0 1 2780.dat
1 0 40 -10 -20 0 -1 0 1 0 0 0 0 1 2780.dat
1 0 -40 -10 -20 0 -1 0 1 0 0 0 0 1 2780.dat
1 0 -40 -10 -60 0 -1 0 1 0 0 0 0 1 2780.dat
0 STEP
0 !LPUB MULTI_STEP END
1 0 -20 -20 -40 1 0 0 0 1 0 0 0 1 passenger_chair.ldr
0 !LPUB CALLOUT BEGIN
1 0 0 -34 -80 1 0 0 0 1 0 0 0 1 passenger_seat.ldr
0 !LPUB CALLOUT POINTER TOP_RIGHT 0.276 0.714 0.000 0.000 0.000 0.000 0.000 0.000 0.000 1
0 !LPUB CALLOUT PLACEMENT LEFT ASSEM INSIDE OFFSET -0.8018 0.5541
0 !LPUB CALLOUT END
0 STEP
0 ROTSTEP -0 0 180 REL
0 !LPUB MULTI_STEP BEGIN
1 70 20 40 80 0 0 1 -1 0 0 0 -1 0 15462.dat
1 70 -20 40 80 0 0 1 -1 0 0 0 -1 0 15462.dat
1 0 -80 30 -60 0 -1 0 1 0 0 0 0 1 2780.dat
1 0 -80 30 -40 0 -1 0 1 0 0 0 0 1 2780.dat
0 STEP
0 !LPUB MULTI_STEP DIVIDER
1 4 -80 40 -100 -1 0 0 0 -1 0 0 0 1 11947.dat
1 4 -20 15 80 0 0 1 0 1 0 -1 0 0 6632.dat
0
0 STEP
0 !LPUB MULTI_STEP END
0 NOFILE 
0 FILE passenger_seat.ldr
0 passenger_seat
0 Name: passenger_seat.ldr
0 Author: Super Formosa
0 Unofficial Model
0 ROTATION CENTER 0 0 0 1 "Custom"
0 ROTATION CONFIG 0 0
1 0 0 0 0 1 0 0 0 1 0 0 0 1 3622.dat
0 STEP
1 0 0 -8 10 1 0 0 0 1 0 0 0 1 3021.dat
0 STEP
1 0 0 -16 0 1 0 0 0 1 0 0 0 1 3623.dat
0 STEP
1 0 -20 -24 30 -1 0 0 0 1 0 0 0 -1 61678.dat
1 0 0 -24 30 -1 0 0 0 1 0 0 0 -1 61678.dat
1 0 20 -24 30 -1 0 0 0 1 0 0 0 -1 61678.dat
0
0
0 NOFILE 
0 FILE passenger_chair.ldr
0 passenger_chair
0 Name: passenger_chair.ldr
0 Author: Super Formosa
0 Unofficial Model
0 !LPUB MULTI_STEP BEGIN
0 ROTATION CENTER 0 0 0 1 "Custom"
0 ROTATION CONFIG 0 0
1 0 -5 0 0 0 1 0 -1 0 0 0 0 1 6632.dat
1 71 20 0 0 1 0 0 0 1 0 0 0 1 32073.dat
1 71 20 0 40 1 0 0 0 1 0 0 0 1 32073.dat
0 STEP
1 0 -20 0 40 -1 0 0 0 0 -1 0 -1 0 6536.dat
1 0 -20 0 -20 1 0 0 0 0 -1 0 1 0 32184.dat
0 STEP
1 0 10 -80 100 0 -1 0 -0.600001 0 0.799999 -0.799999 0 -0.600001 6629.dat
1 4 20 0 -20 1 0 0 0 1 0 0 0 1 32062.dat
1 4 20 -80 100 1 0 0 0 0.600001 -0.799999 0 0.799999 0.600001 32062.dat
1 0 0 -64 88 1 0 0 0 0.600001 -0.799999 0 0.799999 0.600001 2780.dat
1 0 0 -48 76 1 0 0 0 0.600001 -0.799999 0 0.799999 0.600001 2780.dat
0 STEP
0 !LPUB MULTI_STEP DIVIDER
1 0 30 -80 100 0 -1 0 -0.600001 0 0.799999 -0.799999 0 -0.600001 6629.dat
1 0 -10 -16 52 0 1 0 -0.600001 0 -0.799999 -0.799999 0 0.600001 11947.dat
1 0 40 -64 88 1 0 0 0 0.600001 -0.799999 0 0.799999 0.600001 2780.dat
1 0 40 -48 76 1 0 0 0 0.600001 -0.799999 0 0.799999 0.600001 2780.dat
0 STEP
1 0 45 0 0 0 1 0 -1 0 0 0 0 1 6632.dat
1 0 50 -16 52 0 -1 0 0.600001 0 -0.799999 0.799999 0 0.600001 11946.dat
0 STEP
1 0 60 0 40 -1 0 0 0 0 -1 0 -1 0 6536.dat
1 0 60 0 -20 1 0 0 0 0 -1 0 1 0 32184.dat
0
0
0 STEP
0 !LPUB MULTI_STEP END
0 NOFILE 
0 FILE axle.ldr
0 axle
0 Name: axle.ldr
0 Author: Super Formosa
0 Unofficial Model
0 ROTATION CENTER 0 0 0 1 "Custom"
0 ROTATION CONFIG 0 0
0 !LPUB MULTI_STEP BEGIN
1 71 0 0 0 0 0 1 0 1 0 -1 0 0 92910.dat
1 72 -100 0 0 0 -1 0 1 0 0 0 0 1 62821.dat
1 19 -100 0 17.5 1 0 0 0 -1 0 0 0 -1 6589.dat
1 19 -100 0 -17.5 -1 0 0 0 -1 0 0 0 1 6589.dat
1 19 -83.499 0 0 0 0 -1 0 -1 0 -1 0 0 6589.dat
1 19 -100 0 -50 0 0 -1 0 1 0 1 0 0 99008.dat
1 19 -100 0 50 0 0 1 0 1 0 -1 0 0 99008.dat
0 STEP
1 71 -40 0 0 1 0 0 0 1 0 0 0 1 4519.dat
1 19 -60 0 0 0 0 1 0 1 0 -1 0 0 32269.dat
1 71 10 0 0 0 0 1 0 1 0 -1 0 0 61903.dat
0 STEP
1 71 -100 0 60 1 0 0 0 1 0 0 0 1 3713.dat
1 71 -100 0 -60 1 0 0 0 -1 0 0 0 -1 3713.dat
1 1 -40 0 20 0 -1 0 1 0 0 0 0 1 6558.dat
1 1 -40 0 -20 0 -1 0 1 0 0 0 0 1 6558.dat
0 STEP
1 71 -80 15 -40 1 0 0 0 -1 0 0 0 -1 32250.dat
1 71 -80 15 40 1 0 0 0 1 0 0 0 1 32250.dat
1 71 -40 25 0 1 0 0 0 1 0 0 0 1 11478.dat
1 70 -40 2 40 0 -1 0 1 0 0 0 0 1 24316.dat
1 70 -40 2 -40 0 -1 0 1 0 0 0 0 1 24316.dat
0 STEP
0 !LPUB MULTI_STEP DIVIDER
0 ROTSTEP 0 -90 0 REL
1 71 -80 25 -120 -1 0 0 0 -1 0 0 0 1 32250.dat
1 71 -80 25 120 -1 0 0 0 1 0 0 0 -1 32250.dat
1 70 -80 2 40 0 -1 0 1 0 0 0 0 1 24316.dat
1 70 -80 2 -40 0 -1 0 1 0 0 0 0 1 24316.dat
1 72 -80 -48 -120 0 -1 0 1 0 0 0 0 1 55013.dat
1 72 -80 -48 120 0 -1 0 1 0 0 0 0 1 55013.dat
1 72 -120 -48 -120 0 -1 0 1 0 0 0 0 1 55013.dat
1 72 -120 -48 120 0 -1 0 1 0 0 0 0 1 55013.dat
0 STEP
1 71 -140 0 -120 0 1 0 1 0 0 0 0 -1 92907.dat
1 71 -140 0 120 0 1 0 -1 0 0 0 0 1 92907.dat
1 71 -100 0 -120 0 1 0 -1 0 0 0 0 1 32494.dat
1 71 -100 0 120 0 1 0 1 0 0 0 0 -1 32494.dat
1 71 -100 0 -120 0 1 0 -1 0 0 0 0 1 11950.dat
1 72 -100 0 -150 1 0 0 0 1 0 0 0 1 92909.dat
1 71 -100 0 120 0 -1 0 -1 0 0 0 0 -1 11950.dat
1 72 -100 0 150 -1 0 0 0 1 0 0 0 -1 92909.dat
0 STEP
0 !LPUB MULTI_STEP END
0 ROTSTEP 0 0 0 REL
0 !LPUB MULTI_STEP BEGIN
1 71 -60 0 -80 0 -1 0 0 0 1 -1 0 0 63869.dat
1 71 -60 0 80 0 -1 0 0 0 1 -1 0 0 63869.dat
1 1 -80 0 100 0 -1 0 1 0 0 0 0 1 6558.dat
1 1 -80 0 60 0 -1 0 1 0 0 0 0 1 6558.dat
1 1 -80 0 -60 0 -1 0 1 0 0 0 0 1 6558.dat
1 1 -80 0 -100 0 -1 0 1 0 0 0 0 1 6558.dat
1 71 -60 0 -90 0 0 -1 0 1 0 1 0 0 2736.dat
1 71 -60 0 90 0 0 1 0 1 0 -1 0 0 2736.dat
0 STEP
1 71 -80 -15 -40 1 0 0 0 -1 0 0 0 -1 32250.dat
1 71 -80 -15 40 1 0 0 0 1 0 0 0 1 32250.dat
1 71 -80 -25 -120 -1 0 0 0 -1 0 0 0 1 32250.dat
1 71 -80 -25 120 -1 0 0 0 1 0 0 0 -1 32250.dat
1 71 -40 -25 0 1 0 0 0 1 0 0 0 1 11478.dat
0
0
0
0
0 STEP
0 !LPUB MULTI_STEP END
0 NOFILE 
0 FILE luggage.ldr
0 luggage
0 Name: luggage.ldr
0 Author: Super Formosa
0 Unofficial Model
0 ROTATION CENTER 0 0 0 1 "Custom"
0 ROTATION CONFIG 0 0
0 !LPUB MULTI_STEP BEGIN
1 71 0 -10 0 1 0 0 0 1 0 0 0 1 64179.dat
1 0 -30 -10 40 1 0 0 0 1 0 0 0 1 2780.dat
1 0 -30 -10 -40 1 0 0 0 1 0 0 0 1 2780.dat
1 0 40 -20 -60 0 1 0 -1 0 0 0 0 1 2780.dat
1 0 40 -20 60 0 1 0 -1 0 0 0 0 1 2780.dat
0 STEP
0 !LPUB PLI CONSTRAIN LOCAL HEIGHT 2.4833
1 71 -20 -10 0 0 1 0 -1 0 0 0 0 1 32316.dat
1 71 -40 -30 0 1 0 0 0 1 0 0 0 1 32524.dat
1 71 -40 -30 60 0 -1 0 1 0 0 0 0 1 32054.dat
1 71 -40 -30 -60 0 -1 0 1 0 0 0 0 1 32054.dat
0 STEP
1 71 -20 -30 -60 0 0 1 0 -1 0 1 0 0 32140.dat
1 71 -20 -30 60 0 0 1 0 1 0 -1 0 0 32140.dat
1 72 40 -60 40 0 -1 0 1 0 0 0 0 1 87083.dat
1 72 40 -60 -40 0 -1 0 1 0 0 0 0 1 87083.dat
0 STEP
0 !LPUB MULTI_STEP DIVIDER
1 71 40 -30 0 -1 0 0 0 0 -1 0 -1 0 48989.dat
1 1 -40 -60 60 0 -1 0 1 0 0 0 0 1 43093.dat
1 1 -40 -60 -60 0 -1 0 1 0 0 0 0 1 43093.dat
0 STEP
1 71 -20 -50 60 0 1 0 -1 0 0 0 0 1 4519.dat
1 71 20 -50 60 0 1 0 -1 0 0 0 0 1 4519.dat
1 71 20 -50 -60 0 1 0 -1 0 0 0 0 1 4519.dat
1 71 -20 -50 -60 0 1 0 -1 0 0 0 0 1 4519.dat
1 71 0 -50 60 0 1 0 -1 0 0 0 0 1 32184.dat
1 71 0 -50 -60 0 1 0 -1 0 0 0 0 1 32184.dat
0 STEP
1 71 40 -50 0 1 0 0 0 1 0 0 0 1 32524.dat
1 1 40 -60 0 0 1 0 -1 0 0 0 0 1 43093.dat
1 0 40 -60 60 0 1 0 -1 0 0 0 0 1 2780.dat
1 0 40 -60 -60 0 1 0 -1 0 0 0 0 1 2780.dat
0 STEP
1 71 0 -70 60 0 0 1 0 1 0 -1 0 0 32316.dat
1 71 0 -70 -60 0 0 1 0 1 0 -1 0 0 32316.dat
0 STEP
0 !LPUB MULTI_STEP END
0 !LPUB CALLOUT BEGIN
1 0 -10 -60 0 0 0 -1 0 -1 0 -1 0 0 receiver.ldr
0 !LPUB CALLOUT POINTER RIGHT 0.042 0.079 0.213 0.000 0.000 0.000 0.000 0.000 0.000 0.000 1
0 !LPUB CALLOUT PLACEMENT CENTER ASSEM INSIDE OFFSET -1.7053 -0.0256
0 !LPUB CALLOUT END
0 NOFILE 
0 FILE receiver.ldr
0 receiver
0 Name: receiver.ldr
0 Author: Super Formosa
0 Unofficial Model
0 ROTATION CENTER 0 0 0 1 "Custom"
0 ROTATION CONFIG 0 0
1 71 0 0 0 1 0 0 0 1 0 0 0 1 58123p01.dat
1 0 -20 10 -40 0 0 1 0 1 0 -1 0 0 2780.dat
1 0 20 10 -40 0 0 1 0 1 0 -1 0 0 2780.dat
0 STEP
1 71 -20 10 -50 0 1 0 1 0 0 0 0 -1 32184.dat
1 71 40 10 -50 0 -1 0 1 0 0 0 0 1 6536.dat
0
0 STEP
0 NOFILE 
0 FILE right_frame.ldr
0 right_frame
0 Name: right_frame.ldr
0 Author: Super Formosa
0 Unofficial Model
0 ROTATION CENTER 0 0 0 1 "Custom"
0 ROTATION CONFIG 0 0
1 0 60 60 -40 0 0 -1 0.6 0.8 0 0.8 -0.6 0 motors.ldr
1 0 -20 60 -40 0 1 0 0 0 -1 -1 0 0 32140.dat
1 14 60 60 -40 1 0 0 0 1 0 0 0 1 23948.dat
1 1 0 20 -40 -1 0 0 0 1 0 0 0 -1 6558.dat
1 0 0 40 -40 0 -1 0 0 0 -1 1 0 0 32523.dat
0 ROTSTEP 23 135 0 ABS
1 0 0 0 0 0 1 0 -1 0 0 0 0 1 41239.dat
0 STEP
1 1 0 0 -40 -1 0 0 0 1 0 0 0 -1 6558.dat
1 1 0 0 -60 -1 0 0 0 1 0 0 0 -1 6558.dat
1 71 30 20 -40 1 0 0 0 1 0 0 0 1 62462.dat
1 0 10 0 120 1 0 0 0 1 0 0 0 1 2780.dat
1 0 10 0 -20 1 0 0 0 1 0 0 0 1 2780.dat
0 STEP
1 0 20 0 80 0 1 0 -1 0 0 0 0 1 32525.dat
1 0 20 -60 -60 0 1 0 0 0 1 1 0 0 32140.dat
1 1 40 -40 -60 1 0 0 0 1 0 0 0 1 6558.dat
1 0 0 -20 -60 1 0 0 0 1 0 0 0 1 87082.dat
0 STEP
1 71 40 -50 -40 0 0 1 -1 0 0 0 -1 0 32291.dat
1 1 60 20 -40 1 0 0 0 1 0 0 0 1 6558.dat
0 ROTSTEP 23 135 0 ABS
0 !LPUB CALLOUT PLI PER_STEP FALSE
0 !LPUB CALLOUT BEGIN
1 71 60 22 -124 0 0 -1 0.6 0.8 0 0.8 -0.6 0 drive axle.ldr
0 !LPUB CALLOUT POINTER RIGHT 0.461 0.496 0.802 0.000 0.000 0.000 0.000 0.000 0.000 0.000 1
0 !LPUB CALLOUT PLACEMENT LEFT CENTER ASSEM OUTSIDE OFFSET 0.0331 0.2820
0 !LPUB CALLOUT END
1 72 60 40 0 0 -1 0 -1 0 0 0 0 -1 92911.dat
0 STEP
1 71 80 53.208 -119.711 0 1 0 -0.996 0 0.085 0.085 0 0.996 40490.dat
1 1 90 51.51 -139.639 1 0 0 0 -0.974 0.223 0 -0.223 -0.974 43093.dat
1 71 20 51.51 -139.639 0 -1 0 -0.227 0 -0.974 0.974 0 -0.227 60483.dat
0 STEP
1 71 100 51.51 -139.639 0 -1 0 -0.227 0 -0.974 0.974 0 -0.227 60483.dat
1 71 90 20 -40 1 0 0 0 1 0 0 0 1 62462.dat
0 STEP
1 0 100 -24 -152 0 -1 0 -0.8 0 -0.6 0.6 0 -0.8 32278.dat
0 STEP
1 1 120 20 -40 1 0 0 0 1 0 0 0 1 6558.dat
1 0 30 0 180 1 0 0 0 1 0 0 0 1 2780.dat
1 0 30 0 140 1 0 0 0 1 0 0 0 1 2780.dat
1 71 60 -60 -60 1 0 0 0 1 0 0 0 1 32073.dat
0 STEP
1 0 60 20 -60 0 1 0 0 0 -1 -1 0 0 32526.dat
1 0 40 -80 180 0 -1 0 0 0 1 -1 0 0 32526.dat
1 71 60 -50 180 1 0 0 0 1 0 0 0 1 32138.dat
0 STEP
1 71 80 -50 -40 0 0 1 -1 0 0 0 -1 0 32291.dat
1 0 90 -40 -60 1 0 0 0 1 0 0 0 1 2780.dat
1 0 80 -80 180 0 -1 0 0 0 1 -1 0 0 32526.dat
1 0 90 0 180 1 0 0 0 1 0 0 0 1 2780.dat
1 0 90 0 140 1 0 0 0 1 0 0 0 1 2780.dat
0 STEP
0 !LPUB PLI CONSTRAIN LOCAL HEIGHT 3.4667
1 0 100 -60 -60 0 1 0 0 0 1 1 0 0 32140.dat
1 0 100 0 80 0 1 0 -1 0 0 0 0 1 32525.dat
1 0 110 0 120 1 0 0 0 1 0 0 0 1 2780.dat
1 0 110 0 -20 1 0 0 0 1 0 0 0 1 2780.dat
1 1 120 0 -60 1 0 0 0 1 0 0 0 1 6558.dat
1 1 120 0 -40 1 0 0 0 1 0 0 0 1 6558.dat
0 STEP
0 !LPUB PLI CONSTRAIN LOCAL HEIGHT 2.5933
1 0 120 40 -40 0 -1 0 0 0 -1 1 0 0 32523.dat
1 0 120 0 0 0 1 0 -1 0 0 0 0 1 41239.dat
0 STEP
1 0 140 60 -40 0 1 0 0 0 -1 -1 0 0 32140.dat
1 0 120 -20 -60 1 0 0 0 1 0 0 0 1 87082.dat
0 STEP
1 1 60 -60 -100 1 0 0 0 1 0 0 0 1 6558.dat
1 0 40 -90.642 -74.288 0 -1 0 0.643 0 -0.766 0.766 0 0.643 40490.dat
1 1 60 -44.679 -112.856 1 0 0 0 0.643 -0.766 0 0.766 0.643 6558.dat
1 1 60 -90.642 -74.288 1 0 0 0 0.643 -0.766 0 0.766 0.643 6558.dat
1 1 60 -151.925 -22.865 1 0 0 0 0.643 -0.766 0 0.766 0.643 6558.dat
0 ROTSTEP 23 45 0 ABS
0 STEP
1 0 60 -121.284 -48.577 0 1 0 -0.643 0 -0.766 -0.766 0 0.643 32316.dat
1 0 60 -73.768 -165.333 0 1 0 0.875 0 -0.485 -0.485 0 -0.875 32524.dat
0 STEP
1 0 80 -90.642 -74.288 0 -1 0 0.643 0 -0.766 0.766 0 0.643 40490.dat
1 1 60 -102.856 -217.81 -1 0 0 0 0.875 -0.485 0 -0.485 -0.875 6558.dat
1 1 60 -64.071 -147.841 -1 0 0 0 0.875 -0.485 0 -0.485 -0.875 6558.dat
1 0 90 -136.604 -35.721 1 0 0 0 0.643 -0.766 0 0.766 0.643 2780.dat
1 0 90 -121.284 -48.577 1 0 0 0 0.643 -0.766 0 0.766 0.643 2780.dat
1 0 30 -121.284 -48.577 1 0 0 0 0.643 -0.766 0 0.766 0.643 2780.dat
1 0 30 -136.604 -35.721 1 0 0 0 0.643 -0.766 0 0.766 0.643 2780.dat
0 STEP
1 0 100 -90.642 -74.288 0 -1 0 0.643 0 -0.766 0.766 0 0.643 11946.dat
1 0 20 -90.642 -74.288 0 1 0 -0.643 0 -0.766 -0.766 0 0.643 11947.dat
0 STEP
0 !LPUB CALLOUT BEGIN
1 0 120 -60 -200 0 0 1 -0.29 0.957 0 -0.957 -0.29 0 left skirt.ldr
0 !LPUB CALLOUT POINTER CENTER 0 0.513493 0.857269 0 0 0 0 0 0 1
0 !LPUB CALLOUT ALLOC HORIZONTAL
0 !LPUB CALLOUT PLACEMENT BOTTOM CENTER ASSEM OUTSIDE
0 !LPUB CALLOUT END
0 STEP
0 !LPUB CALLOUT BEGIN
1 4 110 -42.319 -245.071 0 0 -1 -0.957 0.29 0 0.29 0.957 0 grille.ldr
0 !LPUB CALLOUT POINTER TOP_LEFT 0.397 0.770 0.000 0.000 0.000 0.000 0.000 0.000 0.000 1
0 !LPUB CALLOUT PLACEMENT BOTTOM CENTER ASSEM OUTSIDE OFFSET 0.0411 0.0016
0 !LPUB CALLOUT END
0 !LPUB CALLOUT BEGIN
1 0 150 -29.563 -57.076 0 0 1 -0.292 0.956 0 -0.956 -0.292 0 step small left.ldr
0 !LPUB CALLOUT POINTER TOP_LEFT 0.737 0.623 0.000 0.000 0.000 0.000 0.000 0.000 0.000 1
0 !LPUB CALLOUT PLACEMENT BOTTOM_RIGHT ASSEM OUTSIDE OFFSET -0.1968 -0.2795
0 !LPUB CALLOUT END
0 STEP
0 !LPUB ASSEM PLACEMENT LOCAL CENTER PAGE INSIDE OFFSET 0.0067 0.0629
0 !LPUB CALLOUT BEGIN
1 14 240 100 -120 1 0 0 0 1 0 0 0 1 rack left.ldr
0 !LPUB CALLOUT POINTER BOTTOM_LEFT 0.833 0.887 0.000 0.000 0.000 0.000 0.000 0.000 0.000 1
0 !LPUB CALLOUT PLACEMENT RIGHT CENTER ASSEM OUTSIDE OFFSET 0.0009 -0.0810
0 !LPUB CALLOUT ALLOC VERTICAL
0 !LPUB CALLOUT END
0 STEP
0 !LPUB CALLOUT BEGIN
1 72 160 -4.77 -359.577 -1 0 0 0 0.799 -0.602 0 -0.602 -0.799 step large left.ldr
0 !LPUB CALLOUT POINTER RIGHT 0.383 0.045 0.485 0.000 0.000 0.000 0.000 0.000 0.000 0.000 1
0 !LPUB CALLOUT PLACEMENT LEFT CENTER ASSEM OUTSIDE OFFSET -0.0932 0.0152
0 !LPUB CALLOUT END
0 ROTSTEP 23 135 0 ABS
1 0 80 -83.464 -182.825 0 1 0 0.875 0 -0.485 -0.485 0 -0.875 32316.dat
1 0 40 -83.464 -182.825 0 1 0 0.875 0 -0.485 -0.485 0 -0.875 32316.dat
1 0 90 -93.16 -200.318 1 0 0 0 -0.485 0.875 0 -0.875 -0.485 2780.dat
1 0 90 -83.464 -182.825 1 0 0 0 -0.485 0.875 0 -0.875 -0.485 2780.dat
1 0 30 -93.16 -200.318 1 0 0 0 -0.485 0.875 0 -0.875 -0.485 2780.dat
1 0 30 -83.464 -182.825 1 0 0 0 -0.485 0.875 0 -0.875 -0.485 2780.dat
0 STEP
1 0 20 -64.071 -147.841 0 1 0 0.875 0 -0.485 -0.485 0 -0.875 11946.dat
1 0 100 -64.071 -147.841 0 -1 0 -0.875 0 -0.485 0.485 0 -0.875 11947.dat
0 STEP
1 1 90 -20 180 1 0 0 0 1 0 0 0 1 43093.dat
1 1 30 -20 180 -1 0 0 0 1 0 0 0 -1 43093.dat
1 0 90 -80 180 -1 0 0 0 1 0 0 0 -1 2780.dat
1 0 30 -80 180 -1 0 0 0 1 0 0 0 -1 2780.dat
0 STEP
1 0 20 -20 180 0 -1 0 0 0 -1 1 0 0 32140.dat
1 71 60 -80 200 1 0 0 0 0.423 -0.906 0 0.906 0.423 60485.dat
1 0 40 -80 200 1 0 0 0 0.423 -0.906 0 0.906 0.423 6536.dat
1 0 60 -80 200 1 0 0 0 0.423 -0.906 0 0.906 0.423 6536.dat
1 0 80 -80 200 1 0 0 0 0.423 -0.906 0 0.906 0.423 6536.dat
0 STEP
1 0 100 -20 180 0 -1 0 0 0 -1 1 0 0 32140.dat
1 0 120 -80 200 1 0 0 0 0.906 0.423 0 -0.423 0.906 6536.dat
1 0 0 -80 200 1 0 0 0 0.906 0.423 0 -0.423 0.906 6536.dat
0 STEP
1 0 -40 -80 200 0 0 -1 0.423 0.906 0 0.906 -0.423 0 32013.dat
1 0 160 -80 200 0 0 1 -0.423 0.906 0 -0.906 -0.423 0 32013.dat
1 0 40 -80.611 222.352 0 1 0 -0.906 0 0.423 0.423 0 0.906 2780.dat
1 0 60 -80.611 222.352 0 1 0 -0.906 0 0.423 0.423 0 0.906 2780.dat
1 0 80 -80.611 222.352 0 1 0 -0.906 0 0.423 0.423 0 0.906 2780.dat
0 STEP
1 0 60 -85.142 224.465 0 0 1 0.423 -0.906 0 0.906 0.423 0 11478.dat
1 0 60 -94.205 228.692 0 0 1 0.423 -0.906 0 0.906 0.423 0 11478.dat
1 36 160 -75.774 209.063 0 0 1 0.906 0.423 0 -0.423 0.906 0 6141.dat
1 36 -40 -74.929 210.876 0 0 1 0.906 0.423 0 -0.423 0.906 0 6141.dat
0 STEP
0 !LPUB CALLOUT BEGIN
1 72 -140 -4.767 -359.569 1 0 0 0 0.799 0.602 0 -0.602 0.799 step large right.ldr
0 !LPUB CALLOUT POINTER LEFT 0.392 0.941 0.482 0.000 0.000 0.000 0.000 0.000 0.000 0.000 1
0 !LPUB CALLOUT PLACEMENT RIGHT CENTER ASSEM OUTSIDE OFFSET 0.0251 0.0115
0 !LPUB CALLOUT END
0 ROTSTEP 23 -135 0 ABS
0 !LPUB CALLOUT BEGIN
1 0 5 -60.583 -200.423 1 0 0 0 0.957 0.29 0 -0.29 0.957 right skirt.ldr
0 !LPUB CALLOUT POINTER LEFT 0.872 0.518 0.794 0.000 0.000 0.000 0.000 0.000 0.000 0.000 1
0 !LPUB CALLOUT END
0 ROTSTEP 23 -45 0 ABS
0 !LPUB ASSEM PLACEMENT LOCAL CENTER PAGE INSIDE OFFSET 0.0150 0.0584
0 !LPUB CALLOUT BEGIN
1 0 10 -42.902 -245.493 0 0 1 0.957 0.29 0 -0.29 0.957 0 grille.ldr
0 !LPUB CALLOUT POINTER BOTTOM_LEFT 0.651 0.640 0.000 0.000 0.000 0.000 0.000 0.000 0.000 1
0 !LPUB CALLOUT PLACEMENT RIGHT CENTER ASSEM OUTSIDE OFFSET -0.1324 -0.0974
0 !LPUB CALLOUT END
0 !LPUB CALLOUT BEGIN
1 0 -15 -25.847 -79.126 0 0 -1 0.292 0.956 0 0.956 -0.292 0 step small right.ldr
0 !LPUB CALLOUT POINTER RIGHT 0.122 0.308 0.579 0.000 0.000 0.000 0.000 0.000 0.000 0.000 1
0 !LPUB CALLOUT PLACEMENT LEFT CENTER ASSEM OUTSIDE OFFSET 0.1489 0.2718
0 !LPUB CALLOUT END
0 STEP
1 4 60 -14.773 -256.113 0 0 1 0.957 0.29 0 -0.29 0.957 0 32524.dat
0 STEP
0 !LPUB ASSEM PLACEMENT LOCAL CENTER PAGE INSIDE OFFSET 0.0347 -0.0009
0 !LPUB CALLOUT BEGIN
1 14 40 100 -120 1 0 0 0 1 0 0 0 1 rack right.ldr
0 !LPUB CALLOUT POINTER RIGHT 0.784 0.279 0.859 0.000 0.000 0.000 0.000 0.000 0.000 0.000 1
0 !LPUB CALLOUT PLACEMENT LEFT CENTER ASSEM OUTSIDE OFFSET 0.0637 0.1510
0 !LPUB CALLOUT END
0 STEP
1 72 90 -124 -352 1 0 0 0 -0.974 0.223 0 -0.223 -0.974 32002.dat
1 72 30 -124 -352 -1 0 0 0 -0.686 0.726 0 0.726 0.686 32002.dat
0 NOFILE 
0 FILE wheel_right.ldr
0 wheel_right
0 Name: wheel_right.ldr
0 Author: Super Formosa
0 Unofficial Model
0 ROTATION CENTER 0 0 0 1 "Custom"
0 ROTATION CONFIG 0 0
1 0 0 0 0 0 -1 0 -1 0 0 0 0 -1 32271.dat
1 0 10 0 -80 1 0 0 0 1 0 0 0 1 2780.dat
1 0 10 0 -60 1 0 0 0 1 0 0 0 1 2780.dat
1 19 10 -32 -144 -1 0 0 0 0.799999 0.600001 0 0.600001 -0.799999 3749.dat
1 0 20 4.098 -161.225 0 1 0 -0.430511 0 -0.902585 -0.902585 0 0.430511 32316.dat
0 STEP
1 19 20 20 -70 -1 0 0 0 1 0 0 0 -1 shockmount.ldr
1 71 0 20 -70 0 0 1 -0.983255 0.182235 0 -0.182235 -0.983255 0 73129.dat
1 72 -50 40 -178.5 1 0 0 0 1 0 0 0 1 55013.dat
0 STEP
0 ROTSTEP 0 -90 0 REL
1 71 -25 40 -178.5 0 0 1 0 1 0 -1 0 0 32123a.dat
1 71 -15 40 -178.5 0 0 1 0 1 0 -1 0 0 4185.dat
1 71 -55 40 -178.5 0 0 -1 0 1 0 1 0 0 32123a.dat
0 STEP
1 71 -65 40 -178.5 0 0 -1 0 1 0 1 0 0 4185.dat
0 STEP
1 72 -40 40 -178.5 0 0 -1 0 1 0 1 0 0 88517.dat
1 256 -40 40 -178.5 0 0 -1 0 1 0 1 0 0 88516.dat
0 STEP
0
0 NOFILE 
0 FILE shockmount.ldr
0 shockmount
0 Name: shockmount.ldr
0 Author: Super Formosa
0 Unofficial Model
0 ROTATION CENTER 0 0 0 1 "Custom"
0 ROTATION CONFIG 0 0
1 0 0 0 0 0 1 0 0 0 1 1 0 0 41678.dat
0 STEP
1 71 0 0 0 0 0 -1 0 -1 0 -1 0 0 4519.dat
1 0 0 0 0 1 0 0 0 0 1 0 -1 0 15100.dat
0
0
0 NOFILE 
0 FILE wheel_left.ldr
0 wheel_left
0 Name: wheel_left.ldr
0 Author: Super Formosa
0 Unofficial Model
0 ROTATION CENTER 0 0 0 1 "Custom"
0 ROTATION CONFIG 0 0
1 0 0 0 0 0 -1 0 -1 0 0 0 0 -1 32271.dat
1 0 -10 0 -80 1 0 0 0 1 0 0 0 1 2780.dat
1 0 -10 0 -60 1 0 0 0 1 0 0 0 1 2780.dat
1 19 -10 -32 -144 1 0 0 0 0.799999 0.600001 0 -0.600001 0.799999 3749.dat
1 0 -20 4.098 -161.225 0 1 0 -0.430511 0 -0.902585 -0.902585 0 0.430511 32316.dat
0 STEP
1 19 -20 20 -70 1 0 0 0 1 0 0 0 1 shockmount.ldr
1 71 0 20 -70 0 0 1 -0.983255 0.182235 0 -0.182235 -0.983255 0 73129.dat
0
0
0 NOFILE 
0 FILE drive axle.ldr
0 Author: Jaap Joris Vens
0 !LICENSE Creative Commons BY-SA
1 19 70 -30 0 0.8 -0.6 0 -0.6 -0.8 0 0 0 -1 99008.dat
1 71 62 -24 0 0 -0.6 0.8 0 -0.8 -0.6 1 0 0 3713.dat
0 STEP
0 !LPUB PLI BEGIN SUB ujoint.ldr 71
0 !LPUB PART BEGIN IGN
1 71 0 0 0 1 0 0 0 1 0 0 0 1 ujoint.ldr
0 !LPUB PLI END
0 !LPUB PART END
0 STEP
1 4 0 0 0 -1 0 0 0 1 0 0 0 -1 32062.dat
0 NOFILE 
0 FILE motors.ldr
0 Author: Jaap Joris Vens
0 !LICENSE Creative Commons BY-SA
0 !LPUB MULTI_STEP BEGIN
1 0 -280 -40 0 1 0 0 0 0 1 0 -1 0 60484.dat
1 0 -300 0 0 0 -1 0 0 0 1 -1 0 0 3705.dat
1 71 -300 0 -15 0 -1 0 1 0 0 0 0 1 32123b.dat
1 71 -300 0 15 0 -1 0 1 0 0 0 0 1 32123b.dat
0 ROTSTEP 23 -45 0 ABS
1 71 -370 0 0 0 0 1 0 -1 0 1 0 0 99498.dat
1 1 -280 0 -20 0 0 1 0 -1 0 1 0 0 6558.dat
1 0 -240 0 -30 0 0 1 0 -1 0 1 0 0 2780.dat
1 0 -240 0 30 0 0 1 0 -1 0 1 0 0 2780.dat
1 0 -280 0 30 0 0 1 0 -1 0 1 0 0 2780.dat
0 ROTSTEP 23 45 0 ABS
1 0 -140 0 40 0 0 -1 -1 0 0 0 1 0 32278.dat
1 0 -220 0 30 0 0 1 0 -1 0 1 0 0 2780.dat
1 1 -100 0 40 0 0 1 0 -1 0 1 0 0 6558.dat
0 STEP
0 !LPUB MULTI_STEP DIVIDER
0 BUFEXCHG A STORE
1 72 -570 245 40 0 0 1 0 -1 0 1 0 0 powerfuncmotorl-1.ldr
0 !LPUB PLI BEGIN IGN
1 71 -365 0 -105 0 0 1 0 -1 0 1 0 0 powerfuncmotorservo-1.ldr
0 !LPUB PLI END
0 STEP
0 !LPUB MULTI_STEP END
0 BUFEXCHG A RETRIEVE
0 !LPUB PLI BEGIN IGN
1 71 -90 20 0 0 0 -1 0 1 0 1 0 0 99499.dat
0 !LPUB PLI END
1 0 -100 40 30 0 0.542 -0.84 0 0.84 0.542 1 0 0 2780.dat
1 0 -100 40 -30 0 0.542 -0.84 0 0.84 0.542 1 0 0 2780.dat
1 0 -220 0 -30 0 0.542 -0.84 0 0.84 0.542 1 0 0 2780.dat
1 1 -100 0 -40 0 -0.542 0.84 0 0.84 0.542 -1 0 0 6558.dat
0 STEP
1 71 -84.679 52.856 40 0.643 0 -0.766 -0.766 0 -0.643 0 1 0 60483.dat
1 1 -84.805 52.992 30 0 0.765 -0.642 0 0.642 0.765 1 0 0 43093.dat
0 STEP
1 71 -67.844 42.394 20 -0.53 0 0.848 -0.848 0 -0.53 0 -1 0 40490.dat
0 STEP
0 !LPUB CALLOUT PLI PER_STEP FALSE
0 !LPUB CALLOUT BEGIN
1 71 -135.688 84.787 0 0.974 0.225 0 0.225 -0.974 0 0 0 -1 bottom.ldr
0 !LPUB CALLOUT POINTER RIGHT 0.827 0.240 0.870 0.000 0.000 0.000 0.000 0.000 0.000 0.000 1
0 !LPUB CALLOUT ALLOC HORIZONTAL
0 !LPUB CALLOUT PLACEMENT LEFT CENTER ASSEM OUTSIDE OFFSET -0.1397 0.0836
0 !LPUB CALLOUT END
0 NOFILE 
0 FILE powerfuncmotorl-1.ldr
0 Author: LDCad
0 !LICENSE Creative Commons BY-SA
0 !CATEGORY electric
0 !KEYWORDS flexible, power functions
0 !LDCAD CONTENT [type=path] [addFallBack=default] [looped=false] [displayKind=mm] [curveStep=0] [displayLenCor=0]
0 !LDCAD PATH_POINT [type=bezier] [posOri=-40 225 350 -1 0 0 0 0 1 0 1 0] [prevCPDist=25] [nextCPDist=18] [cirR=20] [cirDir=xyCW] [prevYRoll=0] [nextYRoll=0]
0 !LDCAD PATH_POINT [type=bezier] [posOri=-40 515 400 -1 0 0 0 0 -1 0 -1 0] [prevCPDist=59.5] [nextCPDist=25] [cirR=20] [cirDir=xyCW] [prevYRoll=0] [nextYRoll=0]
0 !LDCAD PATH_SKIN [donCol=0] [donOri=0 0 1 0 1 0 -1 0 0] [donPart=ldcPwrFuncWire4Seg.dat] [donYSize=400%] [donCen=absCen] [donCenYOfs=0] [donFinScale=fitDon2Seg] [donPlace=deform] [donYAlign=0] [donInline=false] [segSize=100%] [segSizeTol=5%] [segsCnt=0] [segsGrp=0] [segsMaxMerge=10] [segsMrgAng=0] [segsMrgRollAng=0] [segsEdgeDelKind=keepFirstLeft]
0 !LDCAD PATH_CAP [group=start] [color=71] [posOri=-40 225 480 -1 0 0 0 1 0 0 0 -1] [part=99499.dat] [extraLen=0mm] [inlineRef=false]
0 !LDCAD PATH_CAP [group=end] [color=72] [posOri=-40 522 430 0 0 -1 0 -1 0 -1 0 0] [part=58124c01.dat] [extraLen=0mm] [inlineRef=false]
0 !LDCAD GENERATED [generator=LDCad 1.6d]
0 //This is the fallback LDraw content for above PATH configuration.
0 // Do not edit, any changes will be lost upon regeneration.
0 // The path is approx 123.80 mm (309.51) and exists out of 40 segments.
0 //Some general hints about the document.
0 UNOFFICIAL PART
0 BFC CERTIFY CCW
0 //Start cap reference(s)
1 71 -40 225 480 -1 0 0 0 1 0 0 0 -1 99499.dat
0 //End cap reference(s)
1 72 -40 522 430 0 0 -1 0 -1 0 -1 0 0 58124c01.dat
0 //Fixed color segments
0 //  Skin meta #1 is using a static color.
0 //  To ensure correct edge colors those segments are placed in (a) subpart(s).
1 0 0 0 0 1 0 0 0 1 0 0 0 1 powerfuncmotorl-1_subPart1.ldr
0 NOFILE 
0 FILE powerfuncmotorl-1_subpart1.ldr
0 Name: powerfuncmotorl-1_subPart1.ldr
0 Author: LDCad
0 !LICENSE Creative Commons BY-SA
0 !LDCAD GENERATED [generator=LDCad 1.6d] [master=powerfuncmotorl-1.ldr]
0 //This is additional fallback LDraw content for the "powerfuncmotorl-1.ldr" PATH configuration.
0 // Do not edit, any changes will be lost upon regeneration.
0 // The path is approx 123.80 mm (309.51) and exists out of 40 segments.
0 //Some general hints about the document.
0 UNOFFICIAL PART
0 BFC CERTIFY CCW
0 //Some of this content has been generated from other LDraw files, many thanks to all involved.
0 // Credits for "ldcPwrFuncWire4Seg.dat":
0 //  Author: LDCad
0 // Credits for "3-4cyli.dat":
0 //  Author: James Jessiman
0 //  History:
0 //   2002-03-23 [sbliss] Added BFC statement; compacted code
0 //   2002-04-25 [PTadmin] Official Update 2002-02
0 //   2004-12-11 [nielsk] Recreated using Primitive Generator, Edge lines fixed, BFC changed to CCW
0 //   2005-12-28 [PTadmin] Official Update 2005-01
0 //   2007-06-24 [PTadmin] Header formatted for Contributor Agreement
0 //   2008-07-01 [PTadmin] Official Update 2008-01
0 // Credits for "1-4cyli.dat":
0 //  Author: James Jessiman
0 //  History:
0 //   2002-03-23 [sbliss] Added BFC statement.
0 //   2002-04-25 [PTadmin] Official Update 2002-02
0 //   2007-06-22 [PTadmin] Header formatted for Contributor Agreement
0 //   2008-07-01 [PTadmin] Official Update 2008-01
0 //   2012-02-16 [Philo] Changed to CCW
0 //   2012-03-30 [PTadmin] Official Update 2012-01
0 // Credits for "ldcConRing-3-4.dat":
0 //  Author: LDCad
0 // Credits for "ldcConRing-1-4.dat":
0 //  Author: LDCad
0 //Segments
0 // Segment 1, this block is (recursively) generated from "ldcPwrFuncWire4Seg.dat"
5 24 -43.04232 223.383209 350 -42.474602 227.00592 346.19165 -43.04232 226.7995 345.873322 -42.474602 223.762604 350
3 16 -42.474602 227.00592 346.19165 -42.474602 223.762604 350 -43.04232 223.383209 350
3 16 -43.04232 223.383209 350 -43.04232 226.7995 345.873322 -42.474602 227.00592 346.19165
4 16 -43.711998 223.250076 350 -43.712002 226.727051 345.761627 -43.04232 226.7995 345.873322 -43.04232 223.383209 350
4 16 -44.38168 223.383209 350 -44.38168 226.7995 345.873322 -43.712002 226.727051 345.761627 -43.711998 223.250076 350
5 24 -44.949402 223.762604 350 -44.38168 226.7995 345.873322 -44.949402 227.00592 346.19165 -44.38168 223.383209 350
3 16 -44.38168 226.7995 345.873322 -44.38168 223.383209 350 -44.949402 223.762604 350
3 16 -44.949402 223.762604 350 -44.949402 227.00592 346.19165 -44.38168 226.7995 345.873322
5 24 -45.328789 224.330322 350 -44.949402 227.00592 346.19165 -45.328789 227.314835 346.667969 -44.949402 223.762604 350
3 16 -44.949402 227.00592 346.19165 -44.949402 223.762604 350 -45.328789 224.330322 350
3 16 -45.328789 224.330322 350 -45.328789 227.314835 346.667969 -44.949402 227.00592 346.19165
5 24 -45.461933 225 350 -45.328789 227.314835 346.667969 -45.461933 227.679214 347.229828 -45.328789 224.330322 350
3 16 -45.328789 227.314835 346.667969 -45.328789 224.330322 350 -45.461933 225 350
3 16 -45.461933 225 350 -45.461933 227.679214 347.229828 -45.328789 227.314835 346.667969
5 24 -45.328789 225.669678 350 -45.461933 227.679214 347.229828 -45.328789 228.04361 347.791687 -45.461933 225 350
3 16 -45.461933 227.679214 347.229828 -45.461933 225 350 -45.328789 225.669678 350
3 16 -45.328789 225.669678 350 -45.328789 228.04361 347.791687 -45.461933 227.679214 347.229828
5 24 -44.949402 226.237396 350 -45.328789 228.04361 347.791687 -44.949402 228.352509 348.268005 -45.328789 225.669678 350
3 16 -45.328789 228.04361 347.791687 -45.328789 225.669678 350 -44.949402 226.237396 350
3 16 -44.949402 226.237396 350 -44.949402 228.352509 348.268005 -45.328789 228.04361 347.791687
5 24 -44.38168 226.616791 350 -44.949402 228.352509 348.268005 -44.38168 228.558945 348.586334 -44.949402 226.237396 350
3 16 -44.949402 228.352509 348.268005 -44.949402 226.237396 350 -44.38168 226.616791 350
3 16 -44.38168 226.616791 350 -44.38168 228.558945 348.586334 -44.949402 228.352509 348.268005
5 24 -43.711998 226.749924 350 -44.38168 228.558945 348.586334 -43.712002 228.631393 348.698029 -44.38168 226.616791 350
3 16 -44.38168 228.558945 348.586334 -44.38168 226.616791 350 -43.711998 226.749924 350
3 16 -43.711998 226.749924 350 -43.712002 228.631393 348.698029 -44.38168 228.558945 348.586334
5 24 -43.04232 226.616791 350 -43.712002 228.631393 348.698029 -43.04232 228.558945 348.586334 -43.711998 226.749924 350
3 16 -43.712002 228.631393 348.698029 -43.711998 226.749924 350 -43.04232 226.616791 350
3 16 -43.04232 226.616791 350 -43.04232 228.558945 348.586334 -43.712002 228.631393 348.698029
5 24 -42.474602 226.237396 350 -43.04232 228.558945 348.586334 -42.474602 228.352509 348.268005 -43.04232 226.616791 350
3 16 -43.04232 228.558945 348.586334 -43.04232 226.616791 350 -42.474602 226.237396 350
3 16 -42.474602 226.237396 350 -42.474602 228.352509 348.268005 -43.04232 228.558945 348.586334
5 24 -39.999599 223.762604 350 -40.567318 226.7995 345.873322 -40.567318 223.383209 350 -39.999599 227.00592 346.19165
3 16 -40.567318 226.7995 345.873322 -39.999599 227.00592 346.19165 -39.999599 223.762604 350
3 16 -39.999599 223.762604 350 -40.567318 223.383209 350 -40.567318 226.7995 345.873322
4 16 -40.567318 223.383209 350 -41.237 223.250076 350 -41.237 226.727051 345.761627 -40.567318 226.7995 345.873322
4 16 -41.237 223.250076 350 -41.906681 223.383209 350 -41.906681 226.7995 345.873322 -41.237 226.727051 345.761627
