0 FILE tunnelier.ldr
0 Tunnelier
0 !LPUB MULTI_STEP ASSEM MARGINS LOCAL 0.0500 0.5000
0 !LPUB MULTI_STEP BEGIN
0 !LPUB ASSEM MODEL_SCALE LOCAL  1.3000
0 !LPUB PLI MODEL_SCALE GLOBAL  0.9000
0 !LPUB PLI BACKGROUND GLOBAL COLOR "#bfe9ff"
0 !LPUB PLI BORDER GLOBAL ROUND Black 0.03125 15 MARGINS 0.05 0.05
0 !LPUB BOM BORDER GLOBAL SQUARE Black 0.03125 MARGINS 0.05 0.05
0 !LPUB PLI CONSTRAIN LOCAL HEIGHT 2.08
0 !LPUB MULTI_STEP STEP_NUMBER FONT GLOBAL "Arial,36,-1,5,75,0,0,0,0,0"
0 !LPUB STEP_NUMBER FONT GLOBAL "Arial,48,-1,5,75,0,0,0,0,0"
0 !LPUB CALLOUT INSTANCE_COUNT FONT GLOBAL "Arial,22,-1,5,75,0,0,0,0,0"
0 !LPUB CALLOUT STEP_NUMBER FONT GLOBAL "Arial,28,-1,5,75,0,0,0,0,0"
0 !LPUB PLI ANNOTATE FONT GLOBAL "Arial,18,-1,5,75,0,0,0,0,0"
0 !LPUB PLI INSTANCE_COUNT FONT GLOBAL "Arial,20,-1,5,75,0,0,0,0,0"
0 !LPUB PAGE SIZE GLOBAL 8.5000 11.0000
0 
0 ROTATION CENTER 0 0 0 1 "Custom" 
0 ROTATION CONFIG 0 0
1 0 -20 0 0 -1 0 0 0 0 1 0 1 0 40490.dat
1 0 20 0 0 -1 0 0 0 0 1 0 1 0 40490.dat
1 1 -20.001 -60 20 0 1 0 0 0 1 1 0 0 6558.dat
1 1 20.001 -60 20 0 1 0 0 0 1 1 0 0 6558.dat
1 0 20 -20 10 0 -1 0 0 0 1 -1 0 0 2780.dat
1 0 20 20 10 0 -1 0 0 0 1 -1 0 0 2780.dat
1 0 -20 -20 10 0 -1 0 0 0 1 -1 0 0 2780.dat
1 0 -20 20 10 0 -1 0 0 0 1 -1 0 0 2780.dat
1 0 20 60 10 0 -1 0 0 0 1 -1 0 0 2780.dat
1 0 -20 60 10 0 -1 0 0 0 1 -1 0 0 2780.dat
1 1 -20 0 10 0 1 0 0 0 1 1 0 0 43093.dat
1 1 20 0 10 0 1 0 0 0 1 1 0 0 43093.dat
1 0 0 20 20 0 0 1 1 0 0 0 1 0 40490.dat
1 0 0 -20 20 0 0 1 1 0 0 0 1 0 40490.dat
0 ROTSTEP 0 90 0 REL
0 !LPUB ASSEM MODEL_SCALE LOCAL  1.3000
1 71 -80 20.001 20 0 0 1 0 1 0 -1 0 0 32054.dat
1 71 -80 -20.001 20 0 0 1 0 1 0 -1 0 0 32054.dat
1 71 80 20.001 20 0 0 1 0 1 0 -1 0 0 32054.dat
1 71 80 -20.001 20 0 0 1 0 1 0 -1 0 0 32054.dat
1 0 -20.001 -80 0 0 1 0 0 0 1 1 0 0 32054.dat
1 0 20.001 -80 0 0 1 0 0 0 1 1 0 0 32054.dat
1 0 0 -80.001 20 0 0 1 1 0 0 0 1 0 32523.dat
1 71 20 0 15 0 1 0 -1 0 0 0 0 1 32123b.dat
1 71 -20 0 15 0 1 0 -1 0 0 0 0 1 32123b.dat
1 71 20 0 25 0 0 -1 -1 0 0 0 1 0 6632.dat
0 STEP
0 !LPUB MULTI_STEP END
0 !LPUB MULTI_STEP BEGIN
0 !LPUB CALLOUT BEGIN
1 0 0 -40 20 1 0 0 0 1 0 0 0 1 bracket-1.ldr
1 0 0 40 20 -1 0 0 0 -1 0 0 0 1 bracket-1.ldr
0 !LPUB CALLOUT POINTER LEFT 0.324 0.790 0.230 0
0 !LPUB CALLOUT POINTER LEFT 0.691 0.679 0.812 0
0 !LPUB CALLOUT END
0 ROTSTEP 0 90 0 REL
0 !LPUB CALLOUT BEGIN
1 0 0 -70 40 0 0 -1 0 1 0 1 0 0 bracket-2.ldr
0 !LPUB CALLOUT POINTER LEFT 0.144 0.735 0.237 0
0 !LPUB CALLOUT END
1 1 80 20 50 0 0 1 0 1 0 -1 0 0 43093.dat
1 1 80 -20 50 0 0 1 0 1 0 -1 0 0 43093.dat
1 1 -80 20 50 0 0 1 0 1 0 -1 0 0 43093.dat
1 1 -80 -20 50 0 0 1 0 1 0 -1 0 0 43093.dat
0 STEP
0 !LPUB MULTI_STEP END
0 !LPUB MULTI_STEP BEGIN
0 !LPUB CALLOUT BEGIN
1 0 -40 0 0 0 1 0 -1 0 0 0 0 1 bracket-3.ldr
1 0 40 0 0 0 -1 0 1 0 0 0 0 1 bracket-3.ldr
0 !LPUB CALLOUT POINTER LEFT 0.439 0.248 0.486 0
0 !LPUB CALLOUT POINTER LEFT 0.580 0.603 0.695 0
0 !LPUB CALLOUT END
1 0 68.284 68.284 0 0 0.707107 0.707107 0 0.707107 -0.707107 -1 0 0 39793.dat
1 0 -68.284 -68.284 0 0 0.707107 0.707107 0 0.707107 -0.707107 -1 0 0 39793.dat
1 0 -68.284 68.284 0 0 -0.707107 0.707107 0 0.707107 0.707107 -1 0 0 39793.dat
1 0 67.577 -68.991 0 0 -0.707107 0.707107 0 0.707107 0.707107 -1 0 0 39793.dat
0 ROTSTEP END
1 1 54.142 -82.426 40 0 -0.707107 0.707107 0 -0.707107 -0.707107 1 0 0 6558.dat
1 1 82.426 -54.142 40 0 -0.707107 0.707107 0 -0.707107 -0.707107 1 0 0 6558.dat
1 71 40 -40 40 -0.707107 0 0.707107 -0.707107 0 -0.707107 0 -1 0 60484.dat
1 1 -82.426 -54.142 40 0 -0.707107 -0.707107 0 0.707107 -0.707107 1 0 0 6558.dat
1 1 -54.142 -82.426 40 0 -0.707107 -0.707107 0 0.707107 -0.707107 1 0 0 6558.dat
1 71 -40 -40 40 -0.707107 0 -0.707107 0.707107 0 -0.707107 0 -1 0 60484.dat
1 1 54.142 82.426 40 0 -0.707107 -0.707107 0 0.707107 -0.707107 1 0 0 6558.dat
1 1 82.426 54.142 40 0 -0.707107 -0.707107 0 0.707107 -0.707107 1 0 0 6558.dat
1 71 40 40 40 -0.707107 0 0.707107 0.707107 0 0.707107 0 1 0 60484.dat
1 1 -82.426 54.142 40 0 -0.707107 0.707107 0 -0.707107 -0.707107 1 0 0 6558.dat
1 1 -54.142 82.426 40 0 -0.707107 0.707107 0 -0.707107 -0.707107 1 0 0 6558.dat
1 71 -40 40 40 -0.707107 0 -0.707107 -0.707107 0 0.707107 0 1 0 60484.dat
0 ROTSTEP 0 90 0 REL
0 !LPUB MULTI_STEP END
0 !LPUB MULTI_STEP BEGIN
1 70 40 40 0 0 1 0 0 0 1 1 0 0 15462.dat
1 70 -40 40 0 0 1 0 0 0 1 1 0 0 15462.dat
1 70 40 -40 0 0 1 0 0 0 1 1 0 0 15462.dat
1 70 -40 -40 0 0 1 0 0 0 1 1 0 0 15462.dat
1 14 40 -40 -15 0 1 0 -1 0 0 0 0 1 32123b.dat
1 14 -40 -40 -15 0 1 0 -1 0 0 0 0 1 32123b.dat
1 14 40 40 -15 0 1 0 -1 0 0 0 0 1 32123b.dat
1 14 -40 40 -15 0 1 0 -1 0 0 0 0 1 32123b.dat
0 ROTSTEP END
0 !LPUB CALLOUT BEGIN
1 0 0 -40 0 0 1 0 0 0 1 1 0 0 support_gears.ldr
1 0 0 40 0 0 -1 0 0 0 -1 1 0 0 support_gears.ldr
0 !LPUB CALLOUT POINTER LEFT 0.416 0.441 0.423 0
0 !LPUB CALLOUT POINTER LEFT 0.696 0.421 0.678 0
0 !LPUB CALLOUT END
0 STEP
1 71 -40 -40 -30 0 1 0 -1 0 0 0 0 1 94925.dat
1 71 40 -40 -30 0 1 0 -1 0 0 0 0 1 94925.dat
1 71 -40 40 -30 0 1 0 -1 0 0 0 0 1 94925.dat
1 71 40 40 -30 0 1 0 -1 0 0 0 0 1 94925.dat
0 STEP
0 !LPUB MULTI_STEP END
0 !LPUB MULTI_STEP BEGIN
0 !LPUB CALLOUT BEGIN
1 0 0 0 -50 0 1 0 -1 0 0 0 0 1 central_axle.ldr
0 !LPUB CALLOUT POINTER LEFT 0.558 0.385 0.560 0
0 !LPUB CALLOUT END
0 STEP
1 71 0 -40 -45 0 0 -1 -1 0 0 0 1 0 32017.dat
1 71 0 0 -45 0 0 -1 -1 0 0 0 1 0 32017.dat
1 71 0 40 -45 0 0 -1 -1 0 0 0 1 0 32017.dat
1 71 0 0 -55 -1 0 0 0 0 1 0 1 0 32017.dat
1 71 0 0 -65 -1 0 0 0 -1 0 0 0 1 32123b.dat
1 71 0 40 -65 -1 0 0 0 -1 0 0 0 1 32123b.dat
1 71 0 -40 -65 -1 0 0 0 -1 0 0 0 1 32123b.dat
1 71 20 -80 -40 0 1 0 0 0 1 1 0 0 4519.dat
1 71 -20 -80 -40 0 1 0 0 0 1 1 0 0 4519.dat
0 STEP
0 !LPUB PLI CONSTRAIN LOCAL HEIGHT 2.49333
1 0 0 -80 -40 0 0 -1 -1 0 0 0 1 0 32523.dat
1 0 0 -80 -60 0 -1 0 0 0 1 -1 0 0 32184.dat
1 19 0 -70 -60 0 -1 0 1 0 0 0 0 1 3749.dat
1 7 0 -62 -60 0 -1 0 0 0 1 -1 0 0 3650c.dat
1 7 0 0 -78 0 1 0 1 0 0 0 0 -1 3650c.dat
1 7 0 0 -94 0 -1 0 1 0 0 0 0 1 4143.dat
0 STEP
0 !LPUB MULTI_STEP END
0 !LPUB MULTI_STEP BEGIN
0 !LPUB CALLOUT BEGIN
1 0 68.284 -68.284 -60 0.707107 -0.707107 0 0.707107 0.707107 0 0 0 1 teeth_angled.ldr
1 0 68.284 68.284 -60 -0.707107 -0.707107 0 0.707107 -0.707107 0 0 0 1 teeth_angled.ldr
1 0 -68.284 -68.284 -60 0.707107 0.707107 0 -0.707107 0.707107 0 0 0 1 teeth_angled.ldr
1 0 -68.284 68.284 -60 -0.707107 0.707107 0 -0.707107 -0.707107 0 0 0 1 teeth_angled.ldr
0 !LPUB CALLOUT POINTER RIGHT 0.360 0.380 0.417 0
0 !LPUB CALLOUT POINTER BOTTOM_RIGHT 0.345 0.898 0
0 !LPUB CALLOUT POINTER TOP_RIGHT 0.055 0.193 0
0 !LPUB CALLOUT POINTER RIGHT 0.892 0.065 0.787 0
0 !LPUB CALLOUT PLACEMENT LEFT CENTER ASSEM OUTSIDE -0.0593941 0.0033589
0 !LPUB CALLOUT END
0 STEP
0 !LPUB CALLOUT BEGIN
1 0 80 0 -40 0 -1 0 1 0 0 0 0 1 teeth_vert.ldr
1 0 -81 0 -40 0 1 0 -1 0 0 0 0 1 teeth_vert.ldr
0 !LPUB CALLOUT POINTER RIGHT 0.649 0.496 0.634 0
0 !LPUB CALLOUT POINTER RIGHT 0.461 0.045 0.465 0
0 !LPUB CALLOUT PLACEMENT LEFT CENTER ASSEM OUTSIDE
0 !LPUB CALLOUT END
0 STEP
0 !LPUB MULTI_STEP END
0 !LPUB ASSEM MODEL_SCALE LOCAL  1.2500
0 !LPUB CALLOUT BEGIN
1 0 0 90 -20 1 0 0 0 1 0 0 0 1 Teeth_horiz.ldr
0 !LPUB CALLOUT POINTER TOP 0.341 0.258 0.929 0
0 !LPUB CALLOUT PLACEMENT BOTTOM CENTER ASSEM OUTSIDE
0 !LPUB CALLOUT ALLOC HORIZONTAL
0 !LPUB CALLOUT END
0 STEP
0 !LPUB MULTI_STEP BEGIN
0 !LPUB ASSEM MODEL_SCALE LOCAL  1.2000
1 0 0 100 60 1 0 0 0 1 0 0 0 1 engine_base.ldr
0 ROTSTEP 0 90 0 REL
1 71 0 -106 70 -1 0 0 0 1 0 0 0 -1 2850b.dat
1 71 106 0 70 0 -1 0 -1 0 0 0 0 -1 2850b.dat
1 71 -106 0 70 0 1 0 -1 0 0 0 0 1 2850b.dat
1 71 -85.548 -86.548 70 0.707107 0.707107 0 -0.707107 0.707107 0 0 0 1 2850b.dat
1 71 -85.548 86.548 70 0.707107 0.707107 0 0.707107 -0.707107 0 0 0 -1 2850b.dat
1 71 85.548 86.548 70 0.707107 -0.707107 0 -0.707107 -0.707107 0 0 0 -1 2850b.dat
1 71 85.548 -86.548 70 0.707107 -0.707107 0 0.707107 0.707107 0 0 0 1 2850b.dat
0 STEP
0 !LPUB MULTI_STEP END
0 !LPUB ASSEM MODEL_SCALE LOCAL  1.1000
0 !LPUB CALLOUT BEGIN
1 0 0 40 120 0 0 -1 0 1 0 1 0 0 bracket-4.ldr
0 !LPUB CALLOUT POINTER TOP 0.680 0.768 0.859 0
0 !LPUB CALLOUT ALLOC HORIZONTAL
0 !LPUB CALLOUT PLACEMENT BOTTOM CENTER ASSEM OUTSIDE 0.000259245 0.0371159
0 !LPUB CALLOUT END
0 ROTSTEP 0 90 0 REL
0 !LPUB ASSEM MODEL_SCALE LOCAL  1.2000
1 0 0 -20 120 1 0 0 0 1 0 0 0 1 central_frame.ldr
1 19 0 0 133 1 0 0 0 1 0 0 0 1 6589.dat
0 ROTSTEP 0 75 0 REL
0 !LPUB CALLOUT BEGIN
1 0 40 80 180 0 0 -1 0 1 0 1 0 0 bracket-5a.ldr
0 !LPUB CALLOUT POINTER TOP 0.701 0.681 0.915 0
0 !LPUB CALLOUT END
0 !LPUB CALLOUT BEGIN
1 0 -40 80 180 0 0 -1 0 1 0 1 0 0 bracket-5b.ldr
0 !LPUB CALLOUT POINTER LEFT 0.778 0.953 0.812 0
0 !LPUB CALLOUT PLACEMENT RIGHT CENTER ASSEM OUTSIDE
0 !LPUB CALLOUT END
1 71 0 40 120 -1 0 0 0 1 0 0 0 -1 44294.dat
0 ROTSTEP 0 90 0 REL
0 !LPUB MULTI_STEP BEGIN
1 0 0 60 220 0 0 -1 0 1 0 1 0 0 worm_gear_support.ldr
1 1 60 80 180 0 0 -1 -1 0 0 0 1 0 6558.dat
1 1 -60 80 180 0 0 -1 -1 0 0 0 1 0 6558.dat
0 ROTSTEP 0 75 0 REL
0 !LPUB MULTI_STEP PLI PLACEMENT LOCAL TOP LEFT ASSEM OUTSIDE
1 71 80 60 180 0 -1 0 -1 0 0 0 0 -1 40490.dat
1 71 -80 60 180 0 -1 0 -1 0 0 0 0 -1 40490.dat
1 0 90 60 260 1 0 0 0 -1 0 0 0 -1 2780.dat
1 0 -90 60 260 1 0 0 0 -1 0 0 0 -1 2780.dat
0 STEP
0 !LPUB MULTI_STEP END
0 !LPUB MULTI_STEP BEGIN
1 71 40 100 220 1 0 0 0 -1 0 0 0 -1 14720.dat
1 71 -40 100 220 1 0 0 0 -1 0 0 0 -1 14720.dat
1 0 40 110 260 0 -1 0 -1 0 0 0 0 -1 2780.dat
1 0 -40 110 260 0 -1 0 -1 0 0 0 0 -1 2780.dat
0 ROTSTEP -120 60 0 ABS
1 14 0 100 220 1 0 0 0 -1 0 0 0 -1 32073.dat
1 4 -20 100 220 0 0 -1 0 -1 0 -1 0 0 3713.dat
1 4 20 100 220 0 0 1 0 -1 0 1 0 0 3713.dat
1 72 0 100 220 0 0 1 0 -1 0 1 0 0 24505.dat
0 STEP
0 !LPUB MULTI_STEP END
0 !LPUB ASSEM MODEL_SCALE LOCAL  1.1000
0 !LPUB CALLOUT BEGIN ROTATED
1 0 0 0 210 1 0 0 0 1 0 0 0 1 motor.ldr
0 !LPUB CALLOUT POINTER BOTTOM 0.605 0.844 0.460 0
0 !LPUB CALLOUT PLACEMENT TOP RIGHT ASSEM OUTSIDE
0 !LPUB CALLOUT END
1 71 -40 0 200 0 -1 0 0 0 1 -1 0 0 32054.dat
1 71 40 0 200 0 -1 0 0 0 1 -1 0 0 32054.dat
0 ROTSTEP 0 90 0 REL
0 !LPUB ASSEM MODEL_SCALE LOCAL  1.1000
0 !LPUB CALLOUT BEGIN
1 0 0 -40 260 0 0 -1 0 1 0 1 0 0 bracket-6.ldr
0 !LPUB CALLOUT POINTER BOTTOM 0.621 0.808 0.392 0
0 !LPUB CALLOUT PLACEMENT TOP RIGHT ASSEM OUTSIDE -0.0149897 -0.0591022
0 !LPUB CALLOUT END
0 STEP
0 !LPUB MULTI_STEP BEGIN
0 BUFEXCHG A STORE
0 GHOST 1 0 0 -80 100 0 0 -1 0 1 0 1 0 0 roof_opened.ldr
0 ROTSTEP 0 90 0 REL
0 BUFEXCHG A RETRIEVE
0 !LPUB PART BEGIN IGN
1 0 0 -80 100 0 0 -1 0 1 0 1 0 0 roof_closed.ldr
0 !LPUB PART END
0 ROTSTEP 0 90 0 REL
0 !LPUB MULTI_STEP END
1 0 0 120 220 0 0 1 0 -1 0 1 0 0 tracks_base.ldr
0 ROTSTEP -180 180 0 REL
0 MLCAD BTG Track-L
1 0 100 182 410 -1 0 0 0 -1 0 0 0 1 88323.dat
0 MLCAD BTG Track-L
1 0 99.999 160.787 431.213 -1 0 0 0 -0.707107 -0.707107 0 -0.707107 0.707107 88323.dat
0 MLCAD BTG Track-L
1 0 99.999 138.427 409.355 -1 0 0 0 0.707107 -0.707107 0 -0.707107 -0.707107 88323.dat
0 MLCAD BTG Track-L
1 0 99.999 131.216 381.49 -1 0 0 0 0.945519 -0.325568 0 -0.325568 -0.945519 88323.dat
0 MLCAD BTG Track-L
1 0 99.999 130.08 351.613 -1 0 0 0 0.99863 -0.0523357 0 -0.0523357 -0.99863 88323.dat
0 MLCAD BTG Track-L
1 0 99.999 128.512 321.657 -1 0 0 0 0.99863 -0.0523357 0 -0.0523357 -0.99863 88323.dat
0 MLCAD BTG Track-L
1 0 99.999 126.39 291.928 -1 0 0 0 0.996195 -0.0871558 0 -0.0871558 -0.996195 88323.dat
0 MLCAD BTG Track-L
1 0 99.999 124.885 261.997 -1 0 0 0 0.99863 -0.052336 0 -0.052336 -0.99863 88323.dat
0 MLCAD BTG Track-L
1 0 99.999 123.318 232.032 -1 0 0 0 0.99863 -0.052336 0 -0.052336 -0.99863 88323.dat
0 MLCAD BTG Track-L
1 0 99.999 121.745 202.075 -1 0 0 0 0.99863 -0.052336 0 -0.052336 -0.99863 88323.dat
0 MLCAD BTG Track-L
1 0 99.999 120.175 172.112 -1 0 0 0 0.99863 -0.052336 0 -0.052336 -0.99863 88323.dat
0 MLCAD BTG Track-L
1 0 99.999 118.608 142.155 -1 0 0 0 0.99863 -0.052336 0 -0.052336 -0.99863 88323.dat
0 MLCAD BTG Track-L
1 0 99.999 118.146 112.15 -1 0 0 0 0.999848 -0.0174524 0 -0.0174524 -0.999848 88323.dat
0 MLCAD BTG Track-L
1 0 99.999 122.657 85.028 -1 0 0 0 0.987689 0.156435 0 0.156435 -0.987689 88323.dat
0 MLCAD BTG Track-L
1 0 99.999 127.766 54.856 -1 0 0 0 0.981627 0.190809 0 0.190809 -0.981627 88323.dat
0 MLCAD BTG Track-L
1 0 99.999 133.495 25.421 -1 0 0 0 0.981627 0.190809 0 0.190809 -0.981627 88323.dat
0 MLCAD BTG Track-L
1 0 99.999 153.814 2.956 -1 0 0 0 0.788011 0.615661 0 0.615661 -0.788011 88323.dat
0 MLCAD BTG Track-L
1 0 99.999 181.162 12.228 -1 0 0 0 -0.292372 0.956305 0 0.956305 0.292372 88323.dat
0 MLCAD BTG Track-L
1 0 99.999 182.997 44.202 -1 0 0 0 -0.996195 0.0871557 0 0.0871557 0.996195 88323.dat
0 MLCAD BTG Track-L
1 0 99.999 182.273 75.275 -1 0 0 0 -1 0 0 0 1 88323.dat
0 MLCAD BTG Track-L
1 0 99.999 182.265 105.277 -1 0 0 0 -1 0 0 0 1 88323.dat
0 MLCAD BTG Track-L
1 0 99.999 182.265 135.276 -1 0 0 0 -1 0 0 0 1 88323.dat
0 MLCAD BTG Track-L
1 0 99.999 182.265 165.276 -1 0 0 0 -1 0 0 0 1 88323.dat
0 MLCAD BTG Track-L
1 0 99.999 182.264 195.279 -1 0 0 0 -1 0 0 0 1 88323.dat
0 MLCAD BTG Track-L
1 0 99.999 182.268 225.273 -1 0 0 0 -1 0 0 0 1 88323.dat
0 MLCAD BTG Track-L
1 0 99.999 182.27 255.279 -1 0 0 0 -1 0 0 0 1 88323.dat
0 MLCAD BTG Track-L
1 0 99.999 182.26 285.273 -1 0 0 0 -1 0 0 0 1 88323.dat
0 MLCAD BTG Track-L
1 0 99.999 182.263 315.27 -1 0 0 0 -1 0 0 0 1 88323.dat
0 MLCAD BTG Track-L
1 0 99.999 182.263 345.281 -1 0 0 0 -1 0 0 0 1 88323.dat
0 MLCAD BTG Track-L
1 0 99.999 182.27 375.265 -1 0 0 0 -1 0 0 0 1 88323.dat
0 GROUP 30 Track-L
0 MLCAD BTG Track-R
1 0 -100 182 410 -1 0 0 0 -1 0 0 0 1 88323.dat
0 MLCAD BTG Track-R
1 0 -100.001 160.787 431.213 -1 0 0 0 -0.707107 -0.707107 0 -0.707107 0.707107 88323.dat
0 MLCAD BTG Track-R
1 0 -100.001 138.427 409.355 -1 0 0 0 0.707107 -0.707107 0 -0.707107 -0.707107 88323.dat
0 MLCAD BTG Track-R
1 0 -100.001 131.216 381.49 -1 0 0 0 0.945519 -0.325568 0 -0.325568 -0.945519 88323.dat
0 MLCAD BTG Track-R
1 0 -100.001 130.08 351.613 -1 0 0 0 0.99863 -0.0523357 0 -0.0523357 -0.99863 88323.dat
0 MLCAD BTG Track-R
1 0 -100.001 128.512 321.657 -1 0 0 0 0.99863 -0.0523357 0 -0.0523357 -0.99863 88323.dat
0 MLCAD BTG Track-R
1 0 -100.001 126.39 291.928 -1 0 0 0 0.996195 -0.0871558 0 -0.0871558 -0.996195 88323.dat
0 MLCAD BTG Track-R
1 0 -100.001 124.885 261.997 -1 0 0 0 0.99863 -0.052336 0 -0.052336 -0.99863 88323.dat
0 MLCAD BTG Track-R
1 0 -100.001 123.318 232.032 -1 0 0 0 0.99863 -0.052336 0 -0.052336 -0.99863 88323.dat
0 MLCAD BTG Track-R
1 0 -100.001 121.745 202.075 -1 0 0 0 0.99863 -0.052336 0 -0.052336 -0.99863 88323.dat
0 MLCAD BTG Track-R
1 0 -100.001 120.175 172.112 -1 0 0 0 0.99863 -0.052336 0 -0.052336 -0.99863 88323.dat
0 MLCAD BTG Track-R
1 0 -100.001 118.608 142.155 -1 0 0 0 0.99863 -0.052336 0 -0.052336 -0.99863 88323.dat
0 MLCAD BTG Track-R
1 0 -100.001 118.146 112.15 -1 0 0 0 0.999848 -0.0174524 0 -0.0174524 -0.999848 88323.dat
0 MLCAD BTG Track-R
1 0 -100.001 122.657 85.028 -1 0 0 0 0.987689 0.156435 0 0.156435 -0.987689 88323.dat
0 MLCAD BTG Track-R
1 0 -100.001 127.766 54.856 -1 0 0 0 0.981627 0.190809 0 0.190809 -0.981627 88323.dat
0 MLCAD BTG Track-R
1 0 -100.001 133.495 25.421 -1 0 0 0 0.981627 0.190809 0 0.190809 -0.981627 88323.dat
0 MLCAD BTG Track-R
1 0 -100.001 153.814 2.956 -1 0 0 0 0.788011 0.615661 0 0.615661 -0.788011 88323.dat
0 MLCAD BTG Track-R
1 0 -100.001 181.162 12.228 -1 0 0 0 -0.292372 0.956305 0 0.956305 0.292372 88323.dat
0 MLCAD BTG Track-R
1 0 -100.001 182.997 44.202 -1 0 0 0 -0.996195 0.0871557 0 0.0871557 0.996195 88323.dat
0 MLCAD BTG Track-R
1 0 -100.001 182.273 75.275 -1 0 0 0 -1 0 0 0 1 88323.dat
0 MLCAD BTG Track-R
1 0 -100.001 182.265 105.277 -1 0 0 0 -1 0 0 0 1 88323.dat
0 MLCAD BTG Track-R
1 0 -100.001 182.265 135.276 -1 0 0 0 -1 0 0 0 1 88323.dat
0 MLCAD BTG Track-R
1 0 -100.001 182.265 165.276 -1 0 0 0 -1 0 0 0 1 88323.dat
0 MLCAD BTG Track-R
1 0 -100.001 182.264 195.279 -1 0 0 0 -1 0 0 0 1 88323.dat
0 MLCAD BTG Track-R
1 0 -100.001 182.268 225.273 -1 0 0 0 -1 0 0 0 1 88323.dat
0 MLCAD BTG Track-R
1 0 -100.001 182.27 255.279 -1 0 0 0 -1 0 0 0 1 88323.dat
0 MLCAD BTG Track-R
1 0 -100.001 182.26 285.273 -1 0 0 0 -1 0 0 0 1 88323.dat
0 MLCAD BTG Track-R
1 0 -100.001 182.263 315.27 -1 0 0 0 -1 0 0 0 1 88323.dat
0 MLCAD BTG Track-R
1 0 -100.001 182.263 345.281 -1 0 0 0 -1 0 0 0 1 88323.dat
0 MLCAD BTG Track-R
1 0 -100.001 182.27 375.265 -1 0 0 0 -1 0 0 0 1 88323.dat
0 GROUP 30 Track-R
0 ROTSTEP 0 90 0 REL
0 BUFEXCHG A STORE
0 !LPUB CALLOUT BEGIN
0 GHOST 1 0 100 70 340 0 0 -1 0 1 0 1 0 0 battery_locks_opened.ldr
0 GHOST 1 0 -100 70 340 0 0 1 0 -1 0 1 0 0 battery_locks_opened.ldr
0 !LPUB CALLOUT POINTER BOTTOM 0.827 0.927 0.474 0
0 !LPUB CALLOUT POINTER BOTTOM_LEFT 0.446 0.578 0
0 !LPUB CALLOUT END
0 ROTSTEP 0 90 0 REL
0 !LPUB ASSEM PLACEMENT LOCAL BOTTOM PAGE INSIDE
0 BUFEXCHG A RETRIEVE
0 !LPUB PART BEGIN IGN
1 0 100 70 340 0 0 -1 0 1 0 1 0 0 battery_locks_closed.ldr
0 !LPUB PART END
0 !LPUB PART BEGIN IGN
1 0 -100 70 340 0 0 1 0 -1 0 1 0 0 battery_locks_closed.ldr
0 !LPUB PART END
1 71 0 70 340 1 0 0 0 0 1 0 -1 0 58119.dat
0 SYNTH BEGIN ELECTRIC_POWER_FUNCTIONS_CABLE 0
0 SYNTH SHOW
1 32 0 -22 325 1 0 0 0 0 1 0 -1 0 LS01.dat
1 32 24 -10 365 0.707107 -0.612372 -0.353553 0 -0.5 0.866025 -0.707107 -0.612372 -0.353553 LS01.dat
0 SYNTH SYNTHESIZED BEGIN
0 MLCAD BTG PF cable segment 1
1 0 0 -22 325 0 0.0105 1 -1 0 -0 0 1.5227 -0.0069 LS70.dat
0 MLCAD BTG PF cable segment 1
1 0 0.0087 -22 326.26 0.0018 0.0328 0.9998 -1 0.0005 0.0018 0.0003 1.5245 -0.0215 LS70.dat
0 MLCAD BTG PF cable segment 1
1 0 0.0354 -21.9996 327.499 0.0036 0.0574 0.9993 -1 0.0015 0.0035 0.0008 1.5371 -0.0373 LS70.dat
0 MLCAD BTG PF cable segment 1
1 0 0.0812 -21.9984 328.726 0.0054 0.0842 0.9985 -1 0.0032 0.0053 0.0018 1.5428 -0.0545 LS70.dat
0 MLCAD BTG PF cable segment 1
1 0 0.147 -21.9959 329.932 0.0072 0.1146 0.9973 -1 0.0058 0.0069 0.0032 1.5614 -0.0732 LS70.dat
0 MLCAD BTG PF cable segment 1
1 0 0.2346 -21.9915 331.125 0.0091 0.1483 0.9956 -0.9999 0.0095 0.0085 0.0052 1.5797 -0.0935 LS70.dat
0 MLCAD BTG PF cable segment 1
1 0 0.3452 -21.9844 332.303 0.011 0.1867 0.9932 -0.9999 0.0146 0.01 0.0078 1.6047 -0.1156 LS70.dat
0 MLCAD BTG PF cable segment 1
1 0 0.4809 -21.9738 333.469 0.0131 0.2295 0.9901 -0.9999 0.0212 0.0114 0.0112 1.6279 -0.1397 LS70.dat
0 MLCAD BTG PF cable segment 1
1 0 0.6431 -21.9588 334.62 0.0155 0.2771 0.9861 -0.9998 0.0297 0.0127 0.0154 1.6504 -0.1658 LS70.dat
0 MLCAD BTG PF cable segment 1
1 0 0.8332 -21.9385 335.752 0.0181 0.3317 0.9809 -0.9996 0.0406 0.0137 0.0206 1.68 -0.194 LS70.dat
0 MLCAD BTG PF cable segment 1
1 0 1.0538 -21.9114 336.87 0.0211 0.3936 0.9744 -0.9994 0.0545 0.0145 0.027 1.7118 -0.2245 LS70.dat
0 MLCAD BTG PF cable segment 1
1 0 1.3079 -21.8763 337.974 0.0246 0.4599 0.9663 -0.9991 0.0713 0.0149 0.0346 1.732 -0.2572 LS70.dat
0 MLCAD BTG PF cable segment 1
1 0 1.5955 -21.8317 339.058 0.0289 0.5336 0.9564 -0.9986 0.0919 0.0149 0.0436 1.7535 -0.2918 LS70.dat
0 MLCAD BTG PF cable segment 1
1 0 1.9197 -21.7759 340.123 0.0339 0.6124 0.9445 -0.998 0.1164 0.0143 0.054 1.7669 -0.3283 LS70.dat
0 MLCAD BTG PF cable segment 1
1 0 2.2814 -21.7071 341.167 0.04 0.6964 0.9304 -0.997 0.1452 0.0131 0.0659 1.7742 -0.3663 LS70.dat
0 MLCAD BTG PF cable segment 1
1 0 2.6841 -21.6231 342.193 0.0473 0.7786 0.9142 -0.9957 0.1772 0.0111 0.0793 1.7616 -0.4051 LS70.dat
0 MLCAD BTG PF cable segment 1
1 0 3.1259 -21.5226 343.192 0.0559 0.8605 0.8959 -0.994 0.2128 0.0084 0.094 1.7392 -0.4442 LS70.dat
0 MLCAD BTG PF cable segment 1
1 0 3.6095 -21.4029 344.17 0.0659 0.9319 0.8757 -0.9918 0.2494 0.0047 0.1098 1.6927 -0.4828 LS70.dat
0 MLCAD BTG PF cable segment 1
1 0 4.1318 -21.2632 345.118 0.0773 0.9931 0.8542 -0.989 0.2863 0.0003 0.1264 1.632 -0.5199 LS70.dat
0 MLCAD BTG PF cable segment 1
1 0 4.6913 -21.1019 346.038 0.09 1.0408 0.832 -0.9855 0.3219 -0.0048 0.1435 1.5581 -0.5548 LS70.dat
0 MLCAD BTG PF cable segment 1
1 0 5.2863 -20.9179 346.929 0.1038 1.071 0.8097 -0.9815 0.354 -0.0103 0.1606 1.4716 -0.5868 LS70.dat
0 MLCAD BTG PF cable segment 1
1 0 5.9109 -20.7114 347.787 0.1185 1.0906 0.788 -0.977 0.3839 -0.0162 0.1774 1.3861 -0.6155 LS70.dat
0 MLCAD BTG PF cable segment 1
1 0 6.5655 -20.4809 348.619 0.1337 1.0937 0.7674 -0.9719 0.4086 -0.0221 0.1936 1.2959 -0.6407 LS70.dat
0 MLCAD BTG PF cable segment 1
1 0 7.2435 -20.2277 349.422 0.1491 1.0874 0.7486 -0.9665 0.4296 -0.0277 0.209 1.2109 -0.6624 LS70.dat
0 MLCAD BTG PF cable segment 1
1 0 7.9413 -19.952 350.199 0.1646 1.0773 0.7318 -0.9607 0.4488 -0.033 0.2235 1.1362 -0.6808 LS70.dat
0 MLCAD BTG PF cable segment 1
1 0 8.6594 -19.6528 350.957 0.1797 1.0567 0.7171 -0.9548 0.4628 -0.0377 0.2369 1.0637 -0.696 LS70.dat
0 MLCAD BTG PF cable segment 1
1 0 9.3908 -19.3325 351.693 0.1944 1.0343 0.7047 -0.9487 0.475 -0.0416 0.2492 1.0011 -0.7083 LS70.dat
0 MLCAD BTG PF cable segment 1
1 0 10.1319 -18.9921 352.41 0.2086 1.0143 0.6945 -0.9427 0.4871 -0.0448 0.2605 0.9505 -0.7181 LS70.dat
0 MLCAD BTG PF cable segment 1
1 0 10.8842 -18.6308 353.115 0.222 0.9901 0.6864 -0.9367 0.4961 -0.0472 0.2709 0.9042 -0.7257 LS70.dat
0 MLCAD BTG PF cable segment 1
1 0 11.6404 -18.2519 353.806 0.2347 0.9709 0.6802 -0.9308 0.5064 -0.0487 0.2802 0.8692 -0.7314 LS70.dat
0 MLCAD BTG PF cable segment 1
1 0 12.4025 -17.8544 354.488 0.2466 0.9542 0.6757 -0.9251 0.5171 -0.0494 0.2887 0.8419 -0.7355 LS70.dat
0 MLCAD BTG PF cable segment 1
1 0 13.168 -17.4396 355.164 0.2578 0.9426 0.6728 -0.9196 0.5298 -0.0494 0.2965 0.8236 -0.7382 LS70.dat
0 MLCAD BTG PF cable segment 1
1 0 13.9391 -17.0061 355.837 0.2683 0.9279 0.6712 -0.9143 0.54 -0.0487 0.3036 0.8064 -0.7397 LS70.dat
0 MLCAD BTG PF cable segment 1
1 0 14.7096 -16.5577 356.507 0.2781 0.9191 0.6707 -0.9092 0.553 -0.0472 0.31 0.7975 -0.7402 LS70.dat
0 MLCAD BTG PF cable segment 1
1 0 15.482 -16.093 357.177 0.2872 0.9112 0.6712 -0.9043 0.566 -0.0452 0.3158 0.7921 -0.7399 LS70.dat
0 MLCAD BTG PF cable segment 1
1 0 16.2546 -15.6131 357.849 0.2957 0.9079 0.6726 -0.8997 0.5814 -0.0426 0.3211 0.793 -0.7388 LS70.dat
0 MLCAD BTG PF cable segment 1
1 0 17.03 -15.1165 358.526 0.3037 0.9 0.6746 -0.8953 0.5936 -0.0395 0.3259 0.7919 -0.7371 LS70.dat
0 MLCAD BTG PF cable segment 1
1 0 17.8025 -14.607 359.206 0.3111 0.8965 0.6773 -0.8911 0.6082 -0.0359 0.3303 0.7965 -0.7349 LS70.dat
0 MLCAD BTG PF cable segment 1
1 0 18.5749 -14.083 359.892 0.3181 0.8965 0.6804 -0.8872 0.6251 -0.032 0.3343 0.8057 -0.7322 LS70.dat
0 MLCAD BTG PF cable segment 1
1 0 19.35 -13.5426 360.589 0.3246 0.8909 0.6838 -0.8834 0.6378 -0.0276 0.3379 0.8114 -0.7291 LS70.dat
0 MLCAD BTG PF cable segment 1
1 0 20.122 -12.9899 361.292 0.3307 0.8889 0.6876 -0.8799 0.6527 -0.023 0.3413 0.8215 -0.7257 LS70.dat
0 MLCAD BTG PF cable segment 1
1 0 20.8939 -12.4231 362.005 0.3365 0.8895 0.6916 -0.8765 0.6695 -0.0181 0.3443 0.8352 -0.722 LS70.dat
0 MLCAD BTG PF cable segment 1
1 0 21.668 -11.8405 362.732 0.3419 0.8887 0.6958 -0.8733 0.6851 -0.013 0.3471 0.8487 -0.7181 LS70.dat
0 MLCAD BTG PF cable segment 1
1 0 22.4429 -11.243 363.472 0.347 0.8864 0.7001 -0.8703 0.6995 -0.0076 0.3496 0.8617 -0.714 LS70.dat
0 MLCAD BTG PF cable segment 1
1 0 23.217 -10.6322 364.224 0.3518 1.5433 0.7046 -0.8674 1.2461 -0.0021 0.3519 1.5286 -0.7097 LS70.dat
0 GROUP 45 PF cable segment 1
0 SYNTH SYNTHESIZED END
0 SYNTH END
1 71 100 50 320 0 0 -1 1 0 0 0 -1 0 32054.dat
1 71 100 50 360 0 0 -1 1 0 0 0 -1 0 32054.dat
1 71 -100 50 360 0 0 -1 1 0 0 0 -1 0 32054.dat
0 ROTSTEP 0 90 0 REL
0 !LPUB PLI BEGIN IGN
1 72 -40 70 426 0 0 1 -1 0 0 0 -1 0 58124c02.dat
0 !LPUB PLI END
0 SYNTH BEGIN ELECTRIC_POWER_FUNCTIONS_CABLE 0
0 SYNTH SHOW
1 32 24 -10 365 0.707107 -0.612372 -0.353553 0 -0.5 0.866025 -0.707107 -0.612372 -0.353553 LS01.dat
1 32 85 42 399 0.25878 0.0174524 -0.965778 0.00451701 -0.999848 -0.0168577 -0.965926 0 -0.258819 LS01.dat
1 32 83 110 402 0 0.707107 -0.707107 0 -0.707107 -0.707107 -1 0 0 LS01.dat
1 32 48 119 410 0 0.996195 -0.0871557 0 -0.0871557 -0.996195 -1 0 0 LS01.dat
1 32 3 122 410 0 1 0 0 0 -1 -1 0 0 LS01.dat
1 32 -42 119 410 0 0.996195 0.0871557 0 0.0871557 -0.996195 -1 0 0 LS01.dat
1 32 -78 114 402 0 0.766045 0.642788 0 0.642788 -0.766045 -1 0 0 LS01.dat
1 32 -87 48 399 0 -0.0871557 0.996195 0 0.996195 0.0871557 -1 0 0 LS01.dat
1 32 -60 18 407 0 -1 0 0.258819 0 0.965926 -0.965926 0 0.258819 LS01.dat
1 32 -40 40 418 1 0 0 0 -1 0 0 0 -1 LS01.dat
0 SYNTH SYNTHESIZED BEGIN
0 MLCAD BTG PF cable segment 2
1 0 24 -10 365 0.3434 2.5547 0.6965 -0.8741 1.9696 -0.0084 0.3436 2.4572 -0.7175 LS70.dat
0 MLCAD BTG PF cable segment 2
1 0 26.0497 -8.4198 366.971 0.3306 2.6172 0.6722 -0.8886 1.8113 -0.015 0.3181 2.3399 -0.7403 LS70.dat
0 MLCAD BTG PF cable segment 2
1 0 28.1834 -6.9431 368.879 0.3188 2.6671 0.6485 -0.9008 1.6736 -0.0196 0.2949 2.2297 -0.761 LS70.dat
0 MLCAD BTG PF cable segment 2
1 0 30.3945 -5.5557 370.728 0.3084 2.6999 0.6257 -0.911 1.5515 -0.0226 0.2738 2.1216 -0.7797 LS70.dat
0 MLCAD BTG PF cable segment 2
1 0 32.6708 -4.2476 372.516 0.2996 2.7195 0.6039 -0.9194 1.4457 -0.0241 0.2549 2.0178 -0.7967 LS70.dat
0 MLCAD BTG PF cable segment 2
1 0 35.0015 -3.0085 374.246 0.2928 2.7284 0.5832 -0.9261 1.3556 -0.0243 0.238 1.9189 -0.812 LS70.dat
0 MLCAD BTG PF cable segment 2
1 0 37.3774 -1.8281 375.917 0.2879 2.73 0.5635 -0.9313 1.2814 -0.0236 0.223 1.8263 -0.8258 LS70.dat
0 MLCAD BTG PF cable segment 2
1 0 39.7904 -0.6954 377.531 0.2853 2.727 0.5448 -0.9352 1.2227 -0.022 0.2099 1.7403 -0.8383 LS70.dat
0 MLCAD BTG PF cable segment 2
1 0 42.2333 0.3999 379.09 0.2851 2.7234 0.5271 -0.9377 1.1799 -0.0197 0.1986 1.6625 -0.8496 LS70.dat
0 MLCAD BTG PF cable segment 2
1 0 44.7 1.4686 380.596 0.2873 2.7314 0.5103 -0.939 1.1572 -0.0168 0.1889 1.5985 -0.8598 LS70.dat
0 MLCAD BTG PF cable segment 2
1 0 47.1938 2.5252 382.055 0.2922 2.738 0.4943 -0.9391 1.1485 -0.0136 0.1809 1.5393 -0.8692 LS70.dat
0 MLCAD BTG PF cable segment 2
1 0 49.7002 3.5765 383.464 0.3001 2.7656 0.4791 -0.9378 1.1633 -0.01 0.1745 1.4962 -0.8777 LS70.dat
0 MLCAD BTG PF cable segment 2
1 0 52.2229 4.6376 384.829 0.3111 2.8056 0.4644 -0.9351 1.199 -0.0062 0.1697 1.4628 -0.8856 LS70.dat
0 MLCAD BTG PF cable segment 2
1 0 54.756 5.7202 386.15 0.3257 2.8573 0.4503 -0.9307 1.2576 -0.0023 0.1667 1.4378 -0.8929 LS70.dat
0 MLCAD BTG PF cable segment 2
1 0 57.2927 6.8366 387.426 0.3442 2.9177 0.4367 -0.9242 1.3407 0.0016 0.1654 1.4186 -0.8996 LS70.dat
0 MLCAD BTG PF cable segment 2
1 0 59.8247 8.0001 388.657 0.3672 2.9941 0.4234 -0.9152 1.4568 0.0055 0.1661 1.4082 -0.9059 LS70.dat
0 MLCAD BTG PF cable segment 2
1 0 62.3517 9.2296 389.846 0.3952 3.0724 0.4104 -0.903 1.6059 0.0092 0.1687 1.399 -0.9119 LS70.dat
0 MLCAD BTG PF cable segment 2
1 0 64.861 10.5412 390.989 0.4287 3.1406 0.3976 -0.8866 1.7899 0.0127 0.1735 1.3859 -0.9175 LS70.dat
0 MLCAD BTG PF cable segment 2
1 0 67.3369 11.9523 392.081 0.468 3.0918 0.3851 -0.8651 1.9486 0.0159 0.1804 1.3238 -0.9228 LS70.dat
0 MLCAD BTG PF cable segment 2
1 0 69.7141 13.4505 393.099 0.51 2.6975 0.3733 -0.8393 1.8911 0.0189 0.1882 1.1241 -0.9275 LS70.dat
0 MLCAD BTG PF cable segment 2
1 0 71.7102 14.8499 393.931 0.5509 2.3667 0.3631 -0.8111 1.8407 0.021 0.1965 0.964 -0.9315 LS70.dat
0 MLCAD BTG PF cable segment 2
1 0 73.3971 16.1619 394.618 0.5901 2.1151 0.3542 -0.7809 1.8201 0.0224 0.2049 0.8449 -0.9349 LS70.dat
0 MLCAD BTG PF cable segment 2
1 0 74.8534 17.4151 395.2 0.6279 1.9153 0.3462 -0.7485 1.8211 0.0232 0.2133 0.7521 -0.9379 LS70.dat
0 MLCAD BTG PF cable segment 2
1 0 76.1362 18.6348 395.704 0.6641 1.7273 0.3389 -0.7142 1.813 0.0237 0.2213 0.668 -0.9405 LS70.dat
0 MLCAD BTG PF cable segment 2
1 0 77.2602 19.8146 396.138 0.6984 1.5857 0.3322 -0.6781 1.8372 0.0238 0.2289 0.605 -0.9429 LS70.dat
0 MLCAD BTG PF cable segment 2
1 0 78.2688 20.9832 396.523 0.731 1.4599 0.3259 -0.6402 1.8701 0.0236 0.2361 0.5502 -0.9451 LS70.dat
0 MLCAD BTG PF cable segment 2
1 0 79.1796 22.1498 396.866 0.762 1.3431 0.32 -0.6003 1.9075 0.0232 0.2428 0.5005 -0.9471 LS70.dat
0 MLCAD BTG PF cable segment 2
1 0 80.0079 23.3262 397.175 0.791 1.2173 0.3144 -0.5589 1.9227 0.0226 0.2487 0.449 -0.949 LS70.dat
0 MLCAD BTG PF cable segment 2
1 0 80.7497 24.4978 397.449 0.8178 1.1116 0.309 -0.5165 1.9598 0.0219 0.2539 0.4064 -0.9508 LS70.dat
0 MLCAD BTG PF cable segment 2
1 0 81.4192 25.6782 397.694 0.8426 1.023 0.3039 -0.4725 2.0269 0.0209 0.2585 0.3709 -0.9525 LS70.dat
0 MLCAD BTG PF cable segment 2
1 0 82.0375 26.9032 397.918 0.8652 0.9184 0.2989 -0.4274 2.062 0.0199 0.2621 0.3307 -0.9541 LS70.dat
0 MLCAD BTG PF cable segment 2
1 0 82.5885 28.1403 398.116 0.8858 0.8327 0.294 -0.381 2.143 0.0187 0.265 0.2981 -0.9556 LS70.dat
0 MLCAD BTG PF cable segment 2
1 0 83.0969 29.4488 398.298 0.9039 0.7208 0.2891 -0.3342 2.155 0.0174 0.2669 0.257 -0.9571 LS70.dat
0 MLCAD BTG PF cable segment 2
1 0 83.5331 30.7526 398.454 0.9198 0.6496 0.2844 -0.2865 2.3018 0.016 0.2681 0.2312 -0.9586 LS70.dat
0 MLCAD BTG PF cable segment 2
1 0 83.9354 32.1782 398.597 0.9336 0.5438 0.2795 -0.2374 2.3574 0.0145 0.2682 0.1939 -0.96 LS70.dat
0 MLCAD BTG PF cable segment 2
1 0 84.277 33.6593 398.719 0.945 0.4414 0.2745 -0.1885 2.4382 0.0129 0.2673 0.1587 -0.9615 LS70.dat
0 MLCAD BTG PF cable segment 2
1 0 84.5586 35.2148 398.82 0.954 0.3394 0.2695 -0.1392 2.564 0.0111 0.2654 0.1246 -0.9629 LS70.dat
0 MLCAD BTG PF cable segment 2
1 0 84.7799 36.8863 398.901 0.9608 0.2525 0.2643 -0.0894 2.9995 0.0092 0.2625 0.0978 -0.9644 LS70.dat
0 MLCAD BTG PF cable segment 2
1 0 84.932 38.6923 398.96 0.9657 0.0768 0.2588 -0.023 3.7365 0.0063 0.2586 0.045 -0.9659 LS70.dat
0 MLCAD BTG PF cable segment 2
1 0 85 42 399 0.9659 0.0319 0.2588 -0.0076 4.5693 0.0013 0.2588 0.0149 -0.9659 LS70.dat
0 MLCAD BTG PF cable segment 2
1 0 85.0257 45.6693 399.012 0.9684 0.255 0.2427 -0.0573 4.5043 -0.004 0.2425 0.0453 -0.9701 LS70.dat
0 MLCAD BTG PF cable segment 2
1 0 85.2295 49.2704 399.048 0.9682 0.4759 0.2267 -0.1072 4.4591 -0.0074 0.2261 0.077 -0.9739 LS70.dat
0 MLCAD BTG PF cable segment 2
1 0 85.6089 52.8245 399.11 0.9651 0.72 0.2107 -0.1574 4.5671 -0.0087 0.2095 0.1145 -0.9775 LS70.dat
0 MLCAD BTG PF cable segment 2
1 0 86.1872 56.4926 399.201 0.9593 0.9918 0.1944 -0.2072 4.739 -0.0076 0.1917 0.1597 -0.9809 LS70.dat
0 MLCAD BTG PF cable segment 2
1 0 86.9925 60.3409 399.331 0.951 1.383 0.1776 -0.2566 5.2819 -0.0034 0.1725 0.2312 -0.9841 LS70.dat
0 MLCAD BTG PF cable segment 2
1 0 88.1825 64.8856 399.53 0.943 1.5177 0.1585 -0.2971 4.9536 0.0056 0.1497 0.2716 -0.9873 LS70.dat
0 MLCAD BTG PF cable segment 2
1 0 89.5899 69.4794 399.782 0.9403 1.5905 0.1403 -0.3157 4.8643 0.0186 0.1273 0.3168 -0.9899 LS70.dat
0 MLCAD BTG PF cable segment 2
1 0 91.0809 74.0394 400.079 0.9476 1.6614 0.1229 -0.301 5.3695 0.0346 0.1069 0.3932 -0.9918 LS70.dat
0 MLCAD BTG PF cable segment 2
1 0 92.496 78.6128 400.414 0.9625 0.9552 0.1049 -0.2565 3.6829 0.0494 0.0889 0.2841 -0.9933 LS70.dat
0 MLCAD BTG PF cable segment 2
1 0 93.2209 81.4079 400.629 0.9752 0.5967 0.0936 -0.2065 2.9058 0.0581 0.0798 0.2262 -0.9939 LS70.dat
0 MLCAD BTG PF cable segment 2
1 0 93.6345 83.4222 400.786 0.9849 0.3869 0.0853 -0.1563 2.5315 0.0638 0.0745 0.1956 -0.9943 LS70.dat
0 MLCAD BTG PF cable segment 2
1 0 93.8846 85.059 400.913 0.9918 0.2363 0.0783 -0.106 2.3301 0.0677 0.0709 0.1772 -0.9946 LS70.dat
0 MLCAD BTG PF cable segment 2
1 0 94.0293 86.4858 401.021 0.9961 0.1115 0.0721 -0.0553 2.2126 0.0703 0.0682 0.1644 -0.9949 LS70.dat
0 MLCAD BTG PF cable segment 2
1 0 94.0948 87.7863 401.118 0.9978 -0.0014 0.0663 -0.0041 2.1281 0.0719 0.0661 0.1537 -0.9952 LS70.dat
0 MLCAD BTG PF cable segment 2
1 0 94.094 89.0016 401.206 0.9968 -0.1062 0.0608 0.047 2.0559 0.0727 0.0643 0.1438 -0.9955 LS70.dat
0 MLCAD BTG PF cable segment 2
1 0 94.0348 90.1478 401.286 0.9932 -0.207 0.0556 0.0978 2.0144 0.0728 0.0626 0.1356 -0.9958 LS70.dat
0 MLCAD BTG PF cable segment 2
1 0 93.9208 91.2577 401.361 0.9871 -0.3051 0.0507 0.1483 1.9775 0.0721 0.061 0.1276 -0.9961 LS70.dat
0 MLCAD BTG PF cable segment 2
1 0 93.754 92.3387 401.43 0.9784 -0.4075 0.046 0.1983 1.9744 0.0707 0.0592 0.1214 -0.9964 LS70.dat
0 MLCAD BTG PF cable segment 2
1 0 93.5319 93.4148 401.496 0.967 -0.5181 0.0414 0.2483 1.991 0.0687 0.0573 0.1158 -0.9968 LS70.dat
0 MLCAD BTG PF cable segment 2
1 0 93.2448 94.5181 401.561 0.9531 -0.6219 0.0368 0.2976 1.9717 0.0661 0.0549 0.1077 -0.9971 LS70.dat
0 MLCAD BTG PF cable segment 2
1 0 92.897 95.621 401.621 0.9368 -0.742 0.0325 0.3458 1.995 0.0628 0.0523 0.1014 -0.9975 LS70.dat
0 MLCAD BTG PF cable segment 2
1 0 92.4725 96.7623 401.679 0.9182 -0.8698 0.0282 0.3931 2.02 0.0588 0.0491 0.0944 -0.9979 LS70.dat
0 MLCAD BTG PF cable segment 2
1 0 91.9626 97.9463 401.734 0.8972 -1.0186 0.024 0.4393 2.0713 0.054 0.0454 0.0876 -0.9983 LS70.dat
0 MLCAD BTG PF cable segment 2
1 0 91.3461 99.2001 401.787 0.8739 -1.186 0.0199 0.4844 2.1329 0.0485 0.0409 0.0799 -0.9986 LS70.dat
0 MLCAD BTG PF cable segment 2
1 0 90.6014 100.539 401.837 0.8485 -1.3852 0.0157 0.5281 2.2208 0.042 0.0356 0.0715 -0.999 LS70.dat
0 MLCAD BTG PF cable segment 2
1 0 89.7002 101.984 401.884 0.8207 -1.6565 0.0116 0.5707 2.379 0.0344 0.0292 0.0627 -0.9993 LS70.dat
0 MLCAD BTG PF cable segment 2
1 0 88.5698 103.608 401.927 0.7906 -1.9624 0.0072 0.612 2.5333 0.0254 0.0213 0.0504 -0.9997 LS70.dat
0 MLCAD BTG PF cable segment 2
1 0 87.1628 105.424 401.963 0.7589 -2.3458 0.0025 0.6511 2.7338 0.0149 0.0116 0.0348 -0.9999 LS70.dat
0 MLCAD BTG PF cable segment 2
1 0 85.4205 107.455 401.989 0.7247 -2.7351 -0.0023 0.6891 2.8762 0.0023 -0 0.0129 -1 LS70.dat
0 MLCAD BTG PF cable segment 2
1 0 83 110 402 0.6963 -2.2296 -0.013 0.7178 2.1628 0.0128 0.0001 0.0568 -0.9998 LS70.dat
0 MLCAD BTG PF cable segment 2
1 0 81.4161 111.536 402.04 0.6717 -2.0314 -0.0499 0.7408 1.8445 0.0282 -0.0126 0.1535 -0.9984 LS70.dat
0 MLCAD BTG PF cable segment 2
1 0 80.0484 112.778 402.144 0.6447 -1.8282 -0.0844 0.7641 1.5489 0.0428 -0.0218 0.2216 -0.9955 LS70.dat
0 MLCAD BTG PF cable segment 2
1 0 78.8997 113.752 402.283 0.6159 -1.7592 -0.1166 0.7874 1.386 0.0568 -0.0274 0.2863 -0.9916 LS70.dat
0 MLCAD BTG PF cable segment 2
1 0 77.8511 114.578 402.454 0.5846 -1.6977 -0.1479 0.8108 1.2368 0.0698 -0.0303 0.3421 -0.9865 LS70.dat
0 MLCAD BTG PF cable segment 2
1 0 76.8927 115.276 402.647 0.5509 -1.6504 -0.1782 0.834 1.1045 0.0816 -0.0307 0.3919 -0.9806 LS70.dat
0 MLCAD BTG PF cable segment 2
1 0 75.9897 115.88 402.861 0.5158 -1.571 -0.2069 0.8562 0.9607 0.0917 -0.029 0.4241 -0.9741 LS70.dat
0 MLCAD BTG PF cable segment 2
1 0 75.1795 116.376 403.08 0.4791 -1.5933 -0.234 0.8774 0.8836 0.1003 -0.0249 0.4771 -0.9671 LS70.dat
0 MLCAD BTG PF cable segment 2
1 0 74.37 116.825 403.322 0.4404 -1.557 -0.26 0.8976 0.7747 0.1071 -0.0191 0.5084 -0.9596 LS70.dat
0 MLCAD BTG PF cable segment 2
1 0 73.5991 117.208 403.574 0.4006 -1.5487 -0.2842 0.9162 0.684 0.1121 -0.0116 0.5427 -0.9522 LS70.dat
0 MLCAD BTG PF cable segment 2
1 0 72.8399 117.544 403.84 0.3596 -1.5649 -0.3063 0.9331 0.6048 0.1153 -0.0027 0.5811 -0.9449 LS70.dat
0 MLCAD BTG PF cable segment 2
1 0 72.0849 117.835 404.12 0.3166 -1.6313 -0.3267 0.9485 0.5392 0.1168 0.0079 0.6354 -0.9379 LS70.dat
0 MLCAD BTG PF cable segment 2
1 0 71.2769 118.102 404.435 0.2717 -1.6422 -0.3447 0.9622 0.4502 0.1163 0.0196 0.664 -0.9315 LS70.dat
0 MLCAD BTG PF cable segment 2
1 0 70.4481 118.33 404.77 0.2262 -1.7082 -0.3593 0.9736 0.3736 0.1138 0.0319 0.7085 -0.9263 LS70.dat
0 MLCAD BTG PF cable segment 2
1 0 69.5645 118.523 405.137 0.1788 -1.8506 -0.3698 0.9828 0.3011 0.1095 0.045 0.7775 -0.9226 LS70.dat
0 MLCAD BTG PF cable segment 2
1 0 68.5487 118.688 405.563 0.1298 -2.0133 -0.3746 0.9898 0.2147 0.1031 0.0579 0.8425 -0.9214 LS70.dat
0 MLCAD BTG PF cable segment 2
1 0 67.3704 118.814 406.056 0.0804 -2.2979 -0.3704 0.9943 0.1206 0.0946 0.0695 0.9335 -0.924 LS70.dat
0 MLCAD BTG PF cable segment 2
1 0 65.9091 118.89 406.65 0.0339 -2.6957 -0.3523 0.9965 0.0129 0.084 0.077 1.02 -0.9321 LS70.dat
0 MLCAD BTG PF cable segment 2
1 0 64.0496 118.899 407.354 -0.0009 -3.0111 -0.3171 0.9971 -0.0794 0.0718 0.0761 1.0037 -0.9457 LS70.dat
0 MLCAD BTG PF cable segment 2
1 0 61.9343 118.844 408.059 -0.0174 -3.2134 -0.2683 0.9976 -0.1152 0.0592 0.0663 0.8897 -0.9615 LS70.dat
0 MLCAD BTG PF cable segment 2
1 0 59.6681 118.762 408.686 -0.0169 -3.0903 -0.2152 0.9986 -0.0868 0.046 0.0508 0.6777 -0.9755 LS70.dat
0 MLCAD BTG PF cable segment 2
1 0 57.526 118.702 409.156 -0.0048 -3.0765 -0.1642 0.9994 -0.0323 0.0331 0.0343 0.5112 -0.9859 LS70.dat
0 MLCAD BTG PF cable segment 2
1 0 55.3832 118.68 409.512 0.0142 -3.6187 -0.1166 0.9997 0.044 0.0192 0.0177 0.4256 -0.993 LS70.dat
0 MLCAD BTG PF cable segment 2
1 0 53.2647 118.705 409.761 0.0559 -6.1835 -0.0451 0.9984 0.3461 0.0032 0.0007 0.2804 -0.999 LS70.dat
0 MLCAD BTG PF cable segment 2
1 0 48 119 410 0.0665 -46.1947 0 0.9978 3.0796 0 0 0 -1 LS70.dat
0 MLCAD BTG PF cable segment 2
1 0 3 122 410 -0.0665 -45.5958 0 0.9978 -3.0397 0 0 0 -1 LS70.dat
0 MLCAD BTG PF cable segment 2
1 0 -42 119 410 -0.0698 -2.9002 0.0159 0.9976 -0.203 0.0013 0.0001 -0.0465 -0.9999 LS70.dat
0 MLCAD BTG PF cable segment 2
1 0 -43.9926 118.861 409.968 -0.0338 -2.9706 0.0504 0.9994 -0.0987 0.0138 0.0121 -0.1512 -0.9986 LS70.dat
0 MLCAD BTG PF cable segment 2
1 0 -46.0336 118.793 409.864 0.0011 -2.6992 0.0875 0.9997 0.0091 0.0254 0.0256 -0.2369 -0.9958 LS70.dat
0 MLCAD BTG PF cable segment 2
1 0 -47.8354 118.799 409.706 0.0329 -2.6184 0.1251 0.9987 0.0989 0.0344 0.0388 -0.3269 -0.9915 LS70.dat
0 MLCAD BTG PF cable segment 2
1 0 -49.5566 118.864 409.491 0.0622 -2.6072 0.1647 0.9967 0.1852 0.0416 0.0524 -0.4278 -0.9855 LS70.dat
0 MLCAD BTG PF cable segment 2
1 0 -51.2665 118.985 409.211 0.0883 -2.6597 0.2064 0.9939 0.2732 0.0473 0.0668 -0.5486 -0.9773 LS70.dat
0 MLCAD BTG PF cable segment 2
1 0 -53.0017 119.163 408.853 0.1103 -2.9186 0.2524 0.9905 0.386 0.0516 0.0817 -0.7417 -0.9663 LS70.dat
0 MLCAD BTG PF cable segment 2
1 0 -54.9955 119.427 408.346 0.1225 -3.0781 0.3023 0.9877 0.4747 0.0557 0.0967 -0.95 -0.9516 LS70.dat
0 MLCAD BTG PF cable segment 2
1 0 -57.2366 119.773 407.654 0.1124 -3.3539 0.3496 0.9879 0.5133 0.0613 0.1068 -1.2204 -0.9349 LS70.dat
0 MLCAD BTG PF cable segment 2
1 0 -59.7937 120.164 406.724 0.0719 -2.7974 0.3777 0.9916 0.3236 0.0724 0.1071 -1.1191 -0.9231 LS70.dat
0 MLCAD BTG PF cable segment 2
1 0 -61.7335 120.388 405.948 0.0201 -2.1612 0.3827 0.995 0.1313 0.0832 0.0983 -0.8871 -0.9201 LS70.dat
0 MLCAD BTG PF cable segment 2
1 0 -63.0483 120.468 405.408 -0.0295 -1.885 0.3762 0.9958 0.0108 0.0911 0.0863 -0.7679 -0.9221 LS70.dat
0 MLCAD BTG PF cable segment 2
1 0 -64.0882 120.474 404.985 -0.0772 -1.7525 0.3639 0.9943 -0.0845 0.0968 0.0736 -0.6972 -0.9264 LS70.dat
0 MLCAD BTG PF cable segment 2
1 0 -64.9883 120.431 404.627 -0.1239 -1.6652 0.3479 0.9904 -0.169 0.1009 0.0609 -0.6399 -0.9321 LS70.dat
0 MLCAD BTG PF cable segment 2
1 0 -65.8131 120.347 404.31 -0.1688 -1.5789 0.3297 0.9844 -0.2418 0.1034 0.0491 -0.5813 -0.9384 LS70.dat
0 MLCAD BTG PF cable segment 2
1 0 -66.5539 120.234 404.037 -0.2125 -1.5887 0.3095 0.9764 -0.3242 0.1041 0.038 -0.556 -0.9452 LS70.dat
0 MLCAD BTG PF cable segment 2
1 0 -67.2962 120.082 403.777 -0.2558 -1.5641 0.2876 0.9663 -0.3993 0.1035 0.0278 -0.5158 -0.9522 LS70.dat
0 MLCAD BTG PF cable segment 2
1 0 -68.0137 119.899 403.54 -0.2983 -1.5641 0.2642 0.9543 -0.4795 0.1013 0.0186 -0.4814 -0.9591 LS70.dat
0 MLCAD BTG PF cable segment 2
1 0 -68.7489 119.674 403.314 -0.3392 -1.5364 0.2399 0.9407 -0.5489 0.0978 0.011 -0.4372 -0.9659 LS70.dat
0 MLCAD BTG PF cable segment 2
